# JPL Horizons response, kept whole (#472)
# request-url: https://ssd.jpl.nasa.gov/api/horizons.api?format=text&COMMAND=%27503%27&MAKE_EPHEM=%27YES%27&EPHEM_TYPE=%27OBSERVER%27&CENTER=%27coord%40399%27&COORD_TYPE=%27GEODETIC%27&QUANTITIES=%271%2C2%2C4%2C6%2C12%2C13%2C20%2C24%27&EXTRA_PREC=%27YES%27&ANG_FORMAT=%27DEG%27&APPARENT=%27AIRLESS%27&CSV_FORMAT=%27YES%27&TIME_DIGITS=%27SECONDS%27&SITE_COORD=%2710.75%2C59.91%2C0.0%27&START_TIME=%272026-01-01%2000%3A00%27&STOP_TIME=%272026-12-31%2000%3A00%27&STEP_SIZE=%271%20d%27
# requested-utc: 2026-10-07T13:53:37Z
# body-sha256: 0e570c60b41d3351a4f0577bdf4118d3f8381d3f2726e8371dfe396ec1a70400
# body-bytes: 95562
# complete: True
API VERSION: 1.2
API SOURCE: NASA/JPL Horizons API

*******************************************************************************
 Revised: Mar 12, 2021           Ganymede / (Jupiter)                       503

 SATELLITE PHYSICAL PROPERTIES:
  Mean radius (km)       = 2631.2   +- 1.7    Density (g cm^-3)= 1.942 +- 0.005
  GM (km^3/s^2)          = 9887.8328+- 0.0074 Geometric Albedo = 0.43  +- 0.02
                                              V(1,0)           = -2.09

 SATELLITE ORBIT (at J2000.0 epoch, 2000-Jan-1.5):
  Semi-major axis, a (km) ~ 1,070,000         Orbital period   ~ 7.155 d
  Eccentricity, e         ~ 0.00146           Rotational period= Synchronous
  Inclination, i  (deg)   ~ 0.207 
*******************************************************************************


*******************************************************************************
Ephemeris / API_USER Wed Oct  7 06:53:38 2026 Pasadena, USA      / Horizons    
*******************************************************************************
Target body name: Ganymede (503)                  {source: jup365_merged}
Center body name: Earth (399)                     {source: DE441}
Center-site name: (user defined site below)
*******************************************************************************
Start time      : A.D. 2026-Jan-01 00:00:00.0000 UT      
Stop  time      : A.D. 2026-Dec-31 00:00:00.0000 UT      
Step-size       : 1440 minutes
*******************************************************************************
Target pole/equ : IAU_GANYMEDE                    {West-longitude positive}
Target radii    : 2631.2, 2631.2, 2631.2 km       {Equator_a, b, pole_c}       
Center geodetic : 10.75, 59.91, 0.0               {E-lon(deg),Lat(deg),Alt(km)}
Center cylindric: 10.75, 3205.78431, 5495.4568    {E-lon(deg),Dxy(km),Dz(km)}
Center pole/equ : ITRF93                          {East-longitude positive}
Center radii    : 6378.137, 6378.137, 6356.752 km {Equator_a, b, pole_c}       
Target primary  : Jupiter
Vis. interferer : MOON (R_eq= 1737.400) km        {source: DE441}
Rel. light bend : Sun                             {source: jup365_merged}
Rel. lght bnd GM: 1.3271E+11 km^3/s^2                                          
Atmos refraction: NO (AIRLESS)
RA format       : DEG
Time format     : CAL 
Calendar mode   : Mixed Julian/Gregorian
EOP file        : eop.261006.p270102                                           
EOP coverage    : DATA-BASED 1962-JAN-20 TO 2026-OCT-06. PREDICTS-> 2027-JAN-01
Units conversion: 1 au= 149597870.700 km, c= 299792.458 km/s, 1 day= 86400.0 s 
Table cut-offs 1: Elevation (-90.0deg=NO ),Airmass (>38.000=NO), Daylight (NO )
Table cut-offs 2: Solar elongation (  0.0,180.0=NO ),Local Hour Angle( 0.0=NO )
Table cut-offs 3: RA/DEC angular rate (     0.0=NO )                           
Table format    : Comma Separated Values (spreadsheet)
***************************************************************************************************************************************************************************************************************************************
 Date__(UT)__HR:MN:SS, , , R.A.___(ICRF), DEC____(ICRF),  R.A.__(a-app), DEC___(a-app), Azimuth_(a-app), Elevation_(a-app),   X_(sat-prim), Y_(sat-prim), SatPANG,  ang-sep, vis.,  Ang-diam,             delta,     deldot,     S-T-O,
***************************************************************************************************************************************************************************************************************************************
$$SOE
 2026-Jan-01 00:00:00, ,m, 112.651630441,  22.045731648,  113.046744550,  21.990473690,   177.535052232,      52.062851706,       -259.208,       42.085, 279.237, 262.5915,    *,  1.712093,  4.23795357976533,  3.7019221,    2.0175,
 2026-Jan-02 00:00:00, ,m, 112.488903522,  22.074218270,  112.884284899,  22.019324903,   179.266555056,      52.107765669,       -336.989,       63.838, 280.746, 342.9616,    *,  1.710718,  4.24136091842443,  6.7506811,    1.7991,
 2026-Jan-03 00:00:00, ,m, 112.398742287,  22.090014994,  112.794330418,  22.035321517,   180.890423884,      52.123023960,       -169.710,       39.309, 283.051, 174.1965,    *,  1.709569,  4.24420970101993,  1.9890796,    1.5933,
 2026-Jan-04 00:00:00, ,m, 112.344657587,  22.098067966,  112.740408142,  22.043498031,   182.459891203,      52.115962574,        120.541,      -13.325,  96.301, 121.2772,    *,  1.710104,  4.24288320038305, -6.6869725,    1.3937,
 2026-Jan-05 00:00:00, ,m, 112.263908198,  22.108768311,  112.659820710,  22.054394346,   184.068770248,      52.096412943,        324.160,      -56.041,  99.790, 328.9858,    *,  1.712472,  4.23701622842678,-12.6389472,    1.1887,
 2026-Jan-06 00:00:00, ,m, 112.112235207,  22.130546846,  112.508345183,  22.076544210,   185.783547714,      52.069581905,        293.401,      -58.055, 101.175, 299.1060,    *,  1.715418,  4.22973899895274,-11.1627343,    0.9704,
 2026-Jan-07 00:00:00, ,m, 111.895923286,  22.163753582,  112.292265149,  22.110279144,   187.594126115,      52.033072506,         48.963,      -18.094, 110.279,  52.2007,    *,  1.717158,  4.22545402869477, -2.8647156,    0.7403,
 2026-Jan-08 00:00:00, ,m, 111.668377629,  22.200330752,  112.064947230,  22.147410091,   189.418446193,      51.980131374,       -231.455,       34.429, 278.474, 233.9941,    *,  1.716674,  4.22664366941196,  6.6228693,    0.5090,
 2026-Jan-09 00:00:00, ,m, 111.491287193,  22.229800856,  111.888034566,  22.177308732,   191.161535733,      51.905774249,       -342.665,       61.315, 280.165, 348.0875,    *,  1.714496,  4.23201499979427, 10.7429987,    0.2887,
 2026-Jan-10 00:00:00, ,m, 111.388881625,  22.246951495,  111.785740627,  22.194702924,   192.785484284,      51.809900377,       -204.415,       43.643, 282.064, 209.0138,    *,  1.712295,  4.23745281062047,  6.9327611,    0.0904,
 2026-Jan-11 00:00:00, , , 111.330838726,  22.255395737,  111.727771127,  22.203278875,   194.335485171,      51.695724968,         81.841,       -5.266,  93.677,  82.0109,    *,  1.711648,  4.23905685588656, -1.5835621,    0.1354,
 2026-Jan-12 00:00:00, , , 111.255141566,  22.264801000,  111.652163722,  22.212854840,   195.904695706,      51.566416967,        309.089,      -49.999,  99.171, 313.1222,    *,  1.712905,  4.23594546707621, -8.2612422,    0.3362,
 2026-Jan-13 00:00:00, , , 111.112493142,  22.283979468,  111.509666401,  22.232363996,   197.566533619,      51.422815021,        312.924,      -58.358, 100.545, 318.3366,    *,  1.714963,  4.23086208916396, -7.8807777,    0.5541,
 2026-Jan-14 00:00:00, , , 110.901755313,  22.314529052,  111.299145632,  22.263409475,   199.321270055,      51.263662514,         89.267,      -24.517, 105.352,  92.5746,    *,  1.716033,  4.22822356868192, -0.2559911,    0.7843,
 2026-Jan-15 00:00:00, , , 110.671788175,  22.349613562,  111.069422542,  22.299039215,   201.094146489,      51.088175880,       -199.509,       26.539, 277.589, 201.2615,    *,  1.714935,  4.23093083464179,  9.4913350,    1.0157,
 2026-Jan-16 00:00:00, , , 110.486164848,  22.379041170,  110.884015832,  22.328908851,   202.789405740,      50.898032935,       -342.184,       57.615, 279.578, 346.9811,    *,  1.711989,  4.23821165207464, 14.6167668,    1.2367,
 2026-Jan-17 00:00:00, , , 110.376052335,  22.396764107,  110.774060724,  22.346895716,   204.360811755,      50.695893500,       -235.495,       46.711, 281.233, 240.0721,    *,  1.708776,  4.24617998662117, 11.8091217,    1.4433,
 2026-Jan-18 00:00:00, , , 110.317871834,  22.405074490,  110.715988595,  22.355349592,   205.843653549,      50.482118666,         41.631,        2.330,  86.794,  41.6962,    *,  1.706955,  4.25070935661116,  3.5711775,    1.6421,
 2026-Jan-19 00:00:00, , , 110.251443520,  22.412757124,  110.649660265,  22.363201600,   207.326379014,      50.253695324,        288.487,      -43.314,  98.522, 291.7324,    *,  1.707074,  4.25041304992346, -3.7431332,    1.8448,
 2026-Jan-20 00:00:00, , , 110.123292524,  22.428789802,  110.521639912,  22.379558946,   208.886173503,      50.006462093,        326.918,      -57.393,  99.938, 331.9358,    *,  1.708202,  4.24760649801025, -4.4741604,    2.0598,
 2026-Jan-21 00:00:00, , , 109.924850191,  22.455899020,  110.323366120,  22.407167486,   210.533707803,      49.738873620,        128.126,      -29.962, 103.154, 131.5866,    *,  1.708585,  4.24665539837815,  2.3548840,    2.2857,
 2026-Jan-22 00:00:00, , , 109.699513042,  22.488534513,  110.098204413,  22.440368705,   212.204757124,      49.454724346,       -163.826,       18.657, 276.506, 164.8821,    *,  1.706904,  4.25083772154017, 12.2125238,    2.5120,
 2026-Jan-23 00:00:00, , , 109.511582236,  22.516984470,  109.910410274,  22.469290534,   213.806918360,      49.161888641,       -335.490,       52.976, 278.993, 339.6296,    *,  1.703266,  4.25991604279026, 18.2655758,    2.7270,
 2026-Jan-24 00:00:00, , , 109.398628739,  22.534547963,  109.797530139,  22.487137035,   215.287862963,      48.866547571,       -262.358,       48.573, 280.505, 266.8040,    *,  1.699128,  4.27029105359892, 16.4969802,    2.9266,
 2026-Jan-25 00:00:00, , , 109.344264229,  22.542244532,  109.743192618,  22.494966112,   216.672026022,      48.567646078,          0.660,        9.295,   4.062,   9.3183,    U,  1.696198,  4.27766766269224,  8.6460706,    3.1175,
 2026-Jan-26 00:00:00, ,m, 109.291200693,  22.547865456,  109.690158791,  22.500709600,   218.040005682,      48.257096627,        262.704,      -36.260,  97.843, 265.2038,    *,  1.695206,  4.28016978911053,  0.7833911,    3.3116,
 2026-Jan-27 00:00:00, ,m, 109.182681284,  22.560366972,  109.581721661,  22.513465046,   219.469755456,      47.925716911,        334.913,      -55.324,  99.360, 339.4700,    *,  1.695412,  4.27964994959251, -1.0635015,    3.5174,
 2026-Jan-28 00:00:00, ,m, 109.002874055,  22.583464293,  109.402066932,  22.536990378,   220.981372789,      47.570443381,        164.429,      -34.347, 101.789, 167.9833,    *,  1.695130,  4.28036183386066,  4.8586898,    3.7335,
 2026-Jan-29 00:00:00, ,m, 108.788964737,  22.612903862,  109.188353556,  22.566945365,   222.522735021,      47.197941527,       -125.380,       11.049, 275.043, 125.8641,    *,  1.692935,  4.28591282583541, 14.6702094,    3.9496,
 2026-Jan-30 00:00:00, ,m, 108.604764006,  22.639615946,  109.004339125,  22.594107115,   224.007745468,      46.821217070,       -322.811,       47.675, 278.420, 326.2973,    *,  1.688722,  4.29660530916356, 21.5578772,    4.1538,
 2026-Jan-31 00:00:00, ,m, 108.493516007,  22.656433024,  108.893223954,  22.611203247,   225.380151614,      46.450265355,       -284.518,       49.352, 279.857, 288.7528,    *,  1.683792,  4.30918552905577, 20.8604527,    4.3419,
 2026-Feb-01 00:00:00, ,m, 108.446341627,  22.663178123,  108.846120794,  22.618077919,   226.653498488,      46.084016623,        -40.345,       15.538, 291.066,  43.2331,    *,  1.679866,  4.31925549412735, 13.5153759,    4.5206,
 2026-Feb-02 00:00:00, ,m, 108.409896070,  22.666573837,  108.809712641,  22.621582625,   227.898577933,      45.710787375,        232.179,      -29.070,  97.123, 233.9982,    *,  1.677840,  4.32447221567924,  5.2105884,    4.7017,
 2026-Feb-03 00:00:00, ,m, 108.325140114,  22.675388027,  108.725000541,  22.630627193,   229.191649823,      45.316855066,        336.810,      -52.374,  98.819, 340.8759,    *,  1.677173,  4.32619184925030,  2.2593403,    4.8940,
 2026-Feb-04 00:00:00, ,m, 108.169258518,  22.694181431,  108.569191730,  22.649825162,   230.560744181,      44.896731234,        197.589,      -37.733, 100.800, 201.1667,    *,  1.676281,  4.32849373770519,  7.1782474,    5.0962,
 2026-Feb-05 00:00:00, ,m, 107.972602019,  22.719974072,  108.372625874,  22.676119096,   231.966021228,      44.458225126,        -84.861,        3.862, 272.611,  84.9481,    *,  1.673662,  4.33526666514016, 16.7996138,    5.2980,
 2026-Feb-06 00:00:00, ,m, 107.797356758,  22.744451261,  108.197455415,  22.701039230,   233.329237670,      44.018081654,       -304.358,       41.941, 277.864, 307.2214,    *,  1.669008,  4.34735428367929, 24.4325871,    5.4877,
 2026-Feb-07 00:00:00, ,m, 107.691645094,  22.760141873,  108.091775340,  22.716995066,   234.591934156,      43.589996160,       -301.409,       49.178, 279.285, 305.3801,    *,  1.663442,  4.36190323566613, 24.8381297,    5.6607,
 2026-Feb-08 00:00:00, , , 107.654268347,  22.765763950,  108.054389163,  22.722708454,   235.757413391,      43.174073799,        -80.309,       20.978, 284.645,  83.0018,    *,  1.658660,  4.37447775969524, 18.1199309,    5.8236,
 2026-Feb-09 00:00:00, , , 107.636757225,  22.766937495,  108.036859889,  22.723921187,   236.885914063,      42.756621166,        197.764,      -21.981,  96.331, 198.9864,    *,  1.655701,  4.38229507371913,  9.4950359,    5.9884,
 2026-Feb-10 00:00:00, , , 107.578837562,  22.772104335,  107.978954476,  22.729226571,   238.050312523,      42.320234992,        332.616,      -48.764,  98.321, 336.1878,    *,  1.654231,  4.38618956298965,  5.4765255,    6.1637,
 2026-Feb-11 00:00:00, , , 107.451212890,  22.786516659,  107.851397984,  22.743951673,   239.284864941,      41.856550717,        226.855,      -40.191, 100.033, 230.3973,    *,  1.652794,  4.39000296960517,  9.3075506,    6.3486,
 2026-Feb-12 00:00:00, , , 107.276935826,  22.808413806,  107.677228885,  22.766280810,   240.561334578,      41.373058441,        -43.137,       -2.804, 266.284,  43.2281,    *,  1.649847,  4.39784578164386, 18.5846161,    6.5330,
 2026-Feb-13 00:00:00, , , 107.115408163,  22.830322040,  107.515808151,  22.788594338,   241.810034702,      40.888780337,       -280.511,       35.974, 277.325, 282.7984,    *,  1.644891,  4.41109465522113, 26.8528502,    6.7049,
 2026-Feb-14 00:00:00, , , 107.018684574,  22.844617054,  107.419150867,  22.803139214,   242.971714027,      40.420682114,       -312.756,       48.222, 278.784, 316.4366,    *,  1.638852,  4.42734923091380, 28.3758056,    6.8599,
 2026-Feb-15 00:00:00, , , 106.993257968,  22.849012863,  107.393736974,  22.807613080,   244.040468440,      39.970913399,       -118.592,       25.657, 282.215, 121.3328,    *,  1.633371,  4.44220678406861, 22.4018121,    7.0041,
 2026-Feb-16 00:00:00, , , 106.996404839,  22.848017091,  107.396861820,  22.806628902,   245.065991345,      39.525246930,        160.022,      -15.104,  95.383, 160.7352,    *,  1.629603,  4.45247799106975, 13.5808800,    7.1494,
 2026-Feb-17 00:00:00, , , 106.967662434,  22.849639693,  107.368096996,  22.808345267,   246.116787153,      39.063614232,        322.409,      -44.681,  97.871, 325.5053,    *,  1.627420,  4.45845160771379,  8.5361414,    7.3049,
 2026-Feb-18 00:00:00, , , 106.871820050,  22.859689958,  107.272255763,  22.818656524,   247.231867635,      38.574660783,        251.667,      -41.839,  99.424, 255.1316,    *,  1.625517,  4.46367012994527, 11.2009314,    7.4696,
 2026-Feb-19 00:00:00, , , 106.724316429,  22.877558942,  107.124773210,  22.836912400,   248.393542816,      38.064410980,         -1.068,       -8.910, 186.835,   8.9736,    t,  1.622342,  4.47240470675327, 19.9778813,    7.6338,
 2026-Feb-20 00:00:00, , , 106.580704647,  22.896666923,  106.981175798,  22.856392092,   249.540764428,      37.552777003,       -251.751,       29.929, 276.795, 253.5165,    *,  1.617227,  4.48655014510041, 28.7567475,    7.7855,
 2026-Feb-21 00:00:00, , , 106.495969242,  22.909361564,  106.896421737,  22.869304401,   250.614529577,      37.059352532,       -318.158,       46.624, 278.356, 321.5406,    *,  1.610888,  4.50420526501450, 31.3893503,    7.9200,
 2026-Feb-22 00:00:00, , , 106.484093620,  22.912459798,  106.884491314,  22.872431286,   251.600919571,      36.588846462,       -154.103,       29.591, 280.879, 156.9141,    *,  1.604879,  4.52107151977097, 26.2655197,    8.0432,
 2026-Feb-23 00:00:00, ,m, 106.508796724,  22.909376280,  106.909128808,  22.869279783,   252.539581599,      36.127745598,        119.970,       -8.551,  94.070, 120.2755,    *,  1.600444,  4.53359762030425, 17.3855408,    8.1671,
 2026-Feb-24 00:00:00, ,m, 106.510517129,  22.907605735,  106.910811046,  22.867496539,   253.494087122,      35.654415506,        306.521,      -40.291,  97.470, 309.1701,    *,  1.597655,  4.54151353929287, 11.3775331,    8.3005,
 2026-Feb-25 00:00:00, ,m, 106.448857506,  22.913388272,  106.849165835,  22.873426457,   254.506947659,      35.154731479,        271.578,      -42.803,  98.940, 274.9424,    *,  1.595376,  4.54800005910084, 12.8099109,    8.4430,
 2026-Feb-26 00:00:00, ,m, 106.331473536,  22.927193436,  106.731841686,  22.887523761,   255.569926695,      34.632474115,         40.534,      -14.476, 109.651,  43.0415,    *,  1.592079,  4.55742027024218, 20.9280124,    8.5852,
 2026-Feb-27 00:00:00, ,m, 106.209066494,  22.943370774,  106.609502602,  22.904013840,   256.630461750,      34.107231366,       -218.635,       23.894, 276.250, 219.9319,    *,  1.586945,  4.57216423134748, 30.0792866,    8.7151,
 2026-Feb-28 00:00:00, ,m, 106.138462871,  22.954349616,  106.538930973,  22.915184225,   257.630629825,      33.600448558,       -317.563,       44.523, 278.000, 320.6547,    *,  1.580477,  4.59087441146367, 33.8055570,    8.8277,
 2026-Mar-01 00:00:00, ,m, 106.140813452,  22.956147601,  106.541254100,  22.916997646,   258.549596466,      33.119595613,       -186.236,       32.878, 280.023, 189.1095,    *,  1.574113,  4.60943342321442, 29.6417053,    8.9287,
 2026-Mar-02 00:00:00, ,m, 106.186877068,  22.951112600,  106.587240493,  22.911871647,   259.417572941,      32.652842860,         78.370,       -2.336,  91.703,  78.4047,    *,  1.569162,  4.62397927455532, 20.8551195,    9.0298,
 2026-Mar-03 00:00:00, ,m, 106.219039799,  22.946164321,  106.619309839,  22.906866113,   260.292923834,      32.178020645,        285.269,      -35.695,  97.115, 287.5039,    *,  1.565878,  4.63367698894592, 13.9736438,    9.1401,
 2026-Mar-04 00:00:00, ,m, 106.192537477,  22.947864286,  106.592731621,  22.908651206,   261.220639509,      31.678648656,        286.108,      -43.182,  98.566, 289.3607,    *,  1.563310,  4.64128721526665, 14.1360388,    9.2596,
 2026-Mar-05 00:00:00, ,m, 106.107270590,  22.957682999,  106.507417660,  22.918695877,   262.200870555,      31.155809785,         80.597,      -19.514, 103.605,  82.9269,    *,  1.559980,  4.65119432162844, 21.4562472,    9.3789,
 2026-Mar-06 00:00:00, ,m, 106.008276456,  22.970910264,  106.408389347,  22.932177193,   263.189198658,      30.627783201,       -182.062,       17.950, 275.641, 182.9413,    *,  1.554946,  4.66625151859413, 30.8390337,    9.4864,
 2026-Mar-07 00:00:00, ,m, 105.953134118,  22.980143911,  106.353198364,  22.941550044,   264.129404079,      30.117043930,       -311.015,       42.026, 277.714, 313.8282,    *,  1.548500,  4.68567672705025, 35.6243683,    9.5768,
 2026-Mar-08 00:00:00, ,m, 105.969628828,  22.980696848,  106.369614643,  22.942059553,   264.994779828,      29.633739980,       -214.242,       35.591, 279.445, 217.1707,    *,  1.541941,  4.70560984356322, 32.5251114,    9.6552,
 2026-Mar-09 00:00:00, , , 106.036001705,  22.973880974,  106.435889076,  22.935074031,   265.806729606,      29.168428120,         36.132,        3.554,  84.381,  36.3063,    u,  1.536608,  4.72194145284815, 24.0015499,    9.7333,
 2026-Mar-10 00:00:00, , , 106.097644942,  22.965986849,  106.497442650,  22.927022471,   266.618218274,      28.699379247,        259.120,      -30.946,  96.795, 260.9691,    *,  1.532928,  4.73327464502449, 16.3618435,    9.8202,
 2026-Mar-11 00:00:00, , , 106.106360072,  22.963796379,  106.506104206,  22.924808919,   267.475863835,      28.208349983,        295.027,      -43.063,  98.287, 298.1663,    *,  1.530143,  4.74189192274863, 15.2349666,    9.9162,
 2026-Mar-12 00:00:00, , , 106.054462390,  22.969708565,  106.454194022,  22.930853135,   268.387302461,      27.693568990,        118.433,      -24.098, 101.494, 120.8632,    *,  1.526849,  4.75211963081550, 21.6157098,   10.0125,
 2026-Mar-13 00:00:00, , , 105.980583308,  22.979965259,  106.380320265,  22.941301736,   269.315994792,      27.171237776,       -142.677,       12.077, 274.847, 143.1855,    *,  1.522010,  4.76723051782563, 31.0703667,   10.0975,
 2026-Mar-14 00:00:00, , , 105.941939605,  22.987411640,  106.341662579,  22.948857490,   270.207976082,      26.664033947,       -298.640,       39.182, 277.493, 301.1878,    *,  1.515710,  4.78704339135014, 36.8548547,   10.1655,
 2026-Mar-15 00:00:00, , , 105.972296933,  22.986738438,  106.371959713,  22.948126300,   271.031571276,      26.184476748,       -237.585,       37.801, 279.055, 240.5640,    *,  1.509094,  4.80803019137355, 34.9023032,   10.2214,
 2026-Mar-16 00:00:00, , , 106.057646513,  22.978251882,  106.457202435,  22.939447932,   271.799951512,      25.725914856,         -5.897,        9.158, 327.219,  10.8922,    O,  1.503505,  4.82590285982060, 26.8044368,   10.2764,
 2026-Mar-17 00:00:00, , , 106.147343744,  22.967571190,  106.546770159,  22.928565636,   272.560550788,      25.267864571,        228.593,      -26.057,  96.489, 230.0796,    *,  1.499524,  4.83871553101106, 18.5315446,   10.3399,
 2026-Mar-18 00:00:00, , , 106.190707115,  22.961615426,  106.590012261,  22.922521758,   273.360910982,      24.790959257,        298.005,      -42.482,  98.095, 301.0309,    *,  1.496584,  4.84822268105323, 16.1163795,   10.4126,
 2026-Mar-19 00:00:00, , , 106.172814624,  22.963645340,  106.572023628,  22.924611012,   274.215334673,      24.290655941,        152.953,      -28.245, 100.453, 155.5429,    *,  1.493383,  4.85861460914536, 21.4272663,   10.4860,
 2026-Mar-20 00:00:00, , , 106.125348256,  22.970858932,  106.524479707,  22.931950101,   275.094873323,      23.780555720,       -101.566,        6.290, 273.550, 101.7594,    *,  1.488813,  4.87352761502423, 30.7752534,   10.5487,
 2026-Mar-21 00:00:00, , , 106.104024179,  22.976425890,  106.503075571,  22.937569274,   275.948355084,      23.282748249,       -280.813,       36.025, 277.327, 283.1043,    *,  1.482769,  4.89339191027934, 37.4647519,   10.5948,
 2026-Mar-22 00:00:00, , , 106.147743341,  22.974498775,  106.546696171,  22.935525763,   276.740016666,      22.811641180,       -255.836,       39.563, 278.806, 258.8671,    *,  1.476225,  4.91508636307891, 36.7210708,   10.6285,
 2026-Mar-23 00:00:00, , , 106.250353949,  22.964404481,  106.649193321,  22.925165339,   277.475303426,      22.363552208,        -46.921,       14.530, 287.209,  49.1188,    *,  1.470498,  4.93422550289091, 29.2167011,   10.6609,
 2026-Mar-24 00:00:00, ,m, 106.366081781,  22.951046684,  106.764814669,  22.911510029,   278.195954537,      21.919923457,        194.272,      -21.003,  96.159, 195.4082,    *,  1.466304,  4.94834041992543, 20.4579333,   10.7014,
 2026-Mar-25 00:00:00, ,m, 106.442785469,  22.941401308,  106.841443023,  22.901669306,   278.949779004,      21.460965427,        295.059,      -41.460,  97.981, 297.9696,    *,  1.463266,  4.95861238630000, 16.7767575,   10.7513,
 2026-Mar-26 00:00:00, ,m, 106.458758522,  22.939535250,  106.857378614,  22.899766361,   279.757065462,      20.979638779,        183.591,      -32.008,  99.879, 186.3659,    *,  1.460203,  4.96901401496676, 20.8995530,   10.8024,
 2026-Mar-27 00:00:00, ,m, 106.438311230,  22.943615109,  106.836911734,  22.903907768,   280.596256296,      20.486639424,        -59.501,        0.536, 270.520,  59.5030,    *,  1.455964,  4.98348306606492, 29.9616517,   10.8436,
 2026-Mar-28 00:00:00, ,m, 106.434605850,  22.947207908,  106.833167683,  22.907526901,   281.419458461,      20.002783786,       -257.883,       32.532, 277.205, 259.9188,    *,  1.450266,  5.00306298915023, 37.4464011,   10.8686,
 2026-Mar-29 00:00:00, ,m, 106.490763588,  22.944004146,  106.889236848,  22.904204189,   282.187611520,      19.543780415,       -268.545,       40.879, 278.671, 271.6274,    *,  1.443903,  5.02510965477255, 37.9582243,   10.8812,
 2026-Mar-30 00:00:00, ,m, 106.608427859,  22.932371753,  107.006757734,  22.892300148,   282.898880863,      19.108853659,        -85.896,       19.678, 282.909,  88.1193,    *,  1.438146,  5.04522606951010, 31.2150096,   10.8920,
 2026-Mar-31 00:00:00, ,m, 106.747462954,  22.916455712,  107.145618470,  22.876056470,   283.589142149,      18.681842562,        157.079,      -15.779,  95.727, 157.8718,    *,  1.433817,  5.06045882790131, 22.1446556,   10.9107,
 2026-Apr-01 00:00:00, ,m, 106.855319085,  22.903210374,  107.253306372,  22.862555718,   284.305818522,      18.243204709,        286.314,      -39.993,  97.935, 289.1052,    *,  1.430728,  5.07138549680589, 17.2651117,   10.9388,
 2026-Apr-02 00:00:00, ,m, 106.904175981,  22.897445772,  107.302028040,  22.856675831,   285.074464562,      17.783846372,        209.665,      -35.398,  99.570, 212.6394,    *,  1.427829,  5.08168081060062, 20.1122718,   10.9689,
 2026-Apr-03 00:00:00, ,m, 106.910747359,  22.898306300,  107.308497769,  22.857520046,   285.880702253,      17.311468827,        -17.395,       -5.218, 253.303,  18.1604,    t,  1.423955,  5.09550681731614, 28.7080184,   10.9898,
 2026-Apr-04 00:00:00, ,m, 106.924621241,  22.899835882,  107.322280782,  22.859010809,   286.680430856,      16.845040733,       -230.347,       28.660, 277.106, 232.1166,    *,  1.418665,  5.11450590209915, 36.8558878,   10.9951,
 2026-Apr-05 00:00:00, ,m, 106.992116962,  22.895342307,  107.389669816,  22.854343219,   287.432089850,      16.400934455,       -275.522,       41.734, 278.630, 278.6535,    *,  1.412570,  5.13657450129408, 38.6473511,   10.9879,
 2026-Apr-06 00:00:00, ,m, 107.122461308,  22.882247964,  107.519882134,  22.840919118,   288.126981270,      15.981058553,       -122.176,       24.640, 281.410, 124.6330,    *,  1.406867,  5.15739645129513, 32.8302322,   10.9786,
 2026-Apr-07 00:00:00, , , 107.281852108,  22.863882169,  107.679130085,  22.822153609,   288.794894994,      15.571980211,        117.660,      -10.321,  95.006, 118.1128,    *,  1.402465,  5.17358364256272, 23.6354470,   10.9767,
 2026-Apr-08 00:00:00, , , 107.418376544,  22.847094093,  107.815528237,  22.805025822,   289.482231735,      15.155036371,        271.969,      -38.030,  97.944, 274.6252,    *,  1.399354,  5.18508534444165, 17.6441781,   10.9844,
 2026-Apr-09 00:00:00, , , 107.498831716,  22.837380488,  107.895892638,  22.795115513,   290.219172585,      14.719612449,        230.700,      -38.396,  99.435, 233.8819,    *,  1.396630,  5.19519995528888, 19.1456649,   10.9946,
 2026-Apr-10 00:00:00, , , 107.532256190,  22.834878915,  107.929255878,  22.792538384,   290.998342404,      14.270507141,         23.893,      -10.996, 114.712,  26.3021,    *,  1.393135,  5.20823093431845, 27.0932407,   10.9966,
 2026-Apr-11 00:00:00, , , 107.563747379,  22.834195536,  107.960685560,  22.791789192,   291.779934444,      13.824404574,       -198.782,       24.355, 276.997, 200.2634,    *,  1.388295,  5.22639142659156, 35.7450341,   10.9835,
 2026-Apr-12 00:00:00, , , 107.641753806,  22.828339062,  108.038595461,  22.785756238,   292.520673871,      13.397680725,       -276.513,       42.064, 278.666, 279.6828,    *,  1.382534,  5.24816981104285, 38.7993956,   10.9578,
 2026-Apr-13 00:00:00, , , 107.782666317,  22.813804162,  108.179359719,  22.770892094,   293.205452987,      12.994514022,       -154.771,       29.368, 280.754, 157.5278,    *,  1.376958,  5.26942253504992, 34.0463454,   10.9295,
 2026-Apr-14 00:00:00, , , 107.959517840,  22.793049116,  108.356023278,  22.749719088,   293.857786827,      12.604310195,         77.048,       -4.625,  93.431,  77.1869,    *,  1.372537,  5.28639209065136, 24.9223636,   10.9083,
 2026-Apr-15 00:00:00, , , 108.122084139,  22.772724997,  108.518394548,  22.729008874,   294.522367642,      12.209830278,        252.449,      -35.524,  97.995, 254.9455,    *,  1.369429,  5.29839227006307, 17.9338075,   10.8967,
 2026-Apr-16 00:00:00, , , 108.232650209,  22.758949385,  108.628790942,  22.714968645,   295.233307573,      11.799539761,        246.349,      -40.961,  99.426, 249.7417,    *,  1.366881,  5.30826974925364, 18.0394999,   10.8884,
 2026-Apr-17 00:00:00, , , 108.292647216,  22.752871108,  108.688656143,  22.708741694,   295.990050912,      11.375586223,         63.573,      -16.807, 104.805,  65.7580,    *,  1.363770,  5.32037694357178, 25.1539154,   10.8727,
 2026-Apr-18 00:00:00, , , 108.341845954,  22.749756277,  108.737748527,  22.705496732,   296.757606701,      10.952086968,       -163.811,       19.553, 276.816, 164.9709,    *,  1.359406,  5.33745512594718, 34.1234818,   10.8424,
 2026-Apr-19 00:00:00, , , 108.429689582,  22.742414002,  108.825486564,  22.697924388,   297.491825672,      10.544799126,       -271.568,       41.797, 278.766, 274.7546,    *,  1.354035,  5.35862728395060, 38.3930667,   10.7996,
 2026-Apr-20 00:00:00, , , 108.579184477,  22.726431212,  108.974859725,  22.681559910,   298.171669038,      10.159668259,       -183.145,       33.837, 280.479, 186.2385,    *,  1.348652,  5.38001771229056, 34.8244902,   10.7537,
 2026-Apr-21 00:00:00,A,m, 108.770580266,  22.703330463,  109.166120701,  22.657979230,   298.814186464,       9.788904024,         36.005,        1.339,  87.868,  36.0300,    u,  1.344265,  5.39757460148330, 25.9689828,   10.7146,
 2026-Apr-22 00:00:00,A,m, 108.956318364,  22.679465980,  109.351729852,  22.633656412,   299.461696296,       9.417131673,        228.169,      -32.403,  98.069, 230.4656,    *,  1.341182,  5.40998164219714, 18.1214545,   10.6851,
 2026-Apr-23 00:00:00,A,m, 109.095092480,  22.661506699,  109.490398704,  22.615362258,   300.151550066,       9.032519846,        256.279,      -43.010,  99.512, 259.8740,    *,  1.338810,  5.41956728023138, 16.8124315,   10.6596,
 2026-Apr-24 00:00:00,A,m, 109.180953364,  22.651629338,  109.576177057,  22.605286590,   300.889794585,       8.634960063,        100.681,      -22.595, 102.643, 103.1874,    *,  1.336080,  5.43063953307066, 22.9293335,   10.6275,
 2026-Apr-25 00:00:00,A,m, 109.247682097,  22.645859839,  109.642821971,  22.599370037,   301.646716867,       8.235895143,       -126.362,       14.244, 276.439, 127.1602,    *,  1.332211,  5.44641357111986, 32.0225882,   10.5817,
 2026-Apr-26 00:00:00,A,m, 109.344603539,  22.636916936,  109.739625351,  22.590207654,   302.378132003,       7.849904335,       -260.875,       40.859, 278.917, 264.0447,    *,  1.327274,  5.46667285981648, 37.4286947,   10.5234,
 2026-Apr-27 00:00:00,A,m, 109.500611877,  22.619514788,  109.895462541,  22.572440194,   303.057637151,       7.484085176,       -206.692,       37.966, 280.421, 210.1418,    *,  1.322139,  5.48790147295855, 35.1475895,   10.4615,
 2026-Apr-28 00:00:00,A,m, 109.703395923,  22.594174269,  110.098032428,  22.546616504,   303.695656939,       7.133230571,         -4.588,        7.560, 328.747,   8.8429,    O,  1.317831,  5.50584390917786, 26.7745915,   10.4060,
 2026-Apr-29 00:00:00,A,m, 109.909034635,  22.566833767,  110.303448464,  22.518780779,   304.331393740,       6.784138346,        199.677,      -28.598,  98.139, 201.7199,    *,  1.314790,  5.51857626447307, 18.2454062,   10.3602,
 2026-Apr-30 00:00:00,A,m, 110.073656664,  22.544622894,  110.467877222,  22.496168970,   305.004645704,       6.425288709,        260.385,      -44.446,  99.671, 264.1621,    *,  1.312585,  5.52784981618361, 15.5440979,   10.3191,
 2026-May-01 00:00:00,A,m, 110.184316313,  22.530752303,  110.578390737,  22.482023725,   305.727768581,       6.054820959,        134.593,      -28.314, 101.872, 137.5431,    *,  1.310219,  5.53782894235817, 20.5188891,   10.2724,
 2026-May-02 00:00:00,A,m, 110.268254536,  22.522115098,  110.662217254,  22.473173575,   306.476774727,       5.681560673,        -87.122,        8.386, 275.503,  87.5236,    *,  1.306844,  5.55213335121457, 29.5346068,   10.2126,
 2026-May-03 00:00:00,A,m, 110.373586227,  22.511464675,  110.767439290,  22.462257434,   307.208312708,       5.318473375,       -244.689,       39.144, 279.103, 247.7904,    *,  1.302367,  5.57121948599163, 35.9727111,   10.1403,
 2026-May-04 00:00:00,A,m, 110.534282371,  22.492685889,  110.928000006,  22.443080216,   307.891239670,       4.973192769,       -225.001,       41.655, 280.502, 228.8148,    *,  1.297523,  5.59201599669058, 35.0519638,   10.0641,
 2026-May-05 00:00:00,A, , 110.745532577,  22.465231337,  111.139085411,  22.415108295,   308.529274019,       4.642749003,        -43.925,       14.001, 287.682,  46.1022,    *,  1.293327,  5.61015813133857, 27.3625774,    9.9938,
 2026-May-06 00:00:00,A, , 110.967911708,  22.434495181,  111.361291957,  22.383832613,   309.157799227,       4.316275221,        167.586,      -24.052,  98.158, 169.3070,    *,  1.290339,  5.62314988762787, 18.3404940,    9.9332,
 2026-May-07 00:00:00,A, , 111.156002553,  22.407966657,  111.549231513,  22.356852570,   309.818259692,       3.983106716,        258.531,      -45.138,  99.888, 262.4536,    *,  1.288284,  5.63211885825129, 14.2977062,    9.8779,
 2026-May-08 00:00:00,A, , 111.290387118,  22.389884924,  111.683499174,  22.338453856,   310.528943134,       3.640203166,        164.388,      -33.826, 101.618, 167.8372,    *,  1.286258,  5.64099050108712, 18.0073369,    9.8179,
 2026-May-09 00:00:00,A, , 111.391407919,  22.378112667,  111.784421983,  22.326449365,   311.271931820,       3.293981736,        -47.164,        2.026, 272.462,  47.2070,    *,  1.283365,  5.65370622375244, 26.7289002,    9.7455,
 2026-May-10 00:00:00,N, , 111.504894389,  22.365583755,  111.897793665,  22.313661398,   312.005612330,       2.955457965,       -223.507,       36.582, 279.308, 226.4731,    *,  1.279365,  5.67138653308625, 34.0497211,    9.6607,
 2026-May-11 00:00:00,N, , 111.668919532,  22.345427799,  112.061655681,  22.293126209,   312.694867020,       2.632155206,       -237.786,       44.784, 280.680, 241.9562,    *,  1.274847,  5.69148243475647, 34.5230493,    9.5716,
 2026-May-12 00:00:00,N, , 111.886065385,  22.315971999,  112.278585491,  22.263162516,   313.336717348,       2.322858066,        -81.262,       20.599, 284.229,  83.8307,    *,  1.270796,  5.70962509786804, 27.7070021,    9.4877,
 2026-May-13 00:00:00,N, , 112.122182467,  22.281924766,  112.514460726,  22.228558009,   313.962018484,       2.019036855,        132.537,      -18.723,  98.033, 133.8554,    *,  1.267871,  5.72279897163959, 18.3970766,    9.4137,
 2026-May-14 00:00:00,N, , 112.331371628,  22.251010619,  112.723424842,  22.197144504,   314.612975130,       1.711342337,        250.852,      -44.967, 100.148, 254.8617,    *,  1.265952,  5.73147259010625, 13.0889996,    9.3454,
 2026-May-15 00:00:00,N, , 112.488362725,  22.228478959,  112.880239807,  22.174230245,   315.313354109,       1.396161648,        189.600,      -39.019, 101.618, 193.5801,    *,  1.264240,  5.73923726783236, 15.4288462,    9.2734,
 2026-May-16 00:00:00,N, , 112.606359993,  22.213267542,  112.998112418,  22.158722243,   316.051601634,       1.077854220,         -7.254,       -4.805, 236.483,   8.7013,    t,  1.261815,  5.75026616635415, 23.6399130,    9.1897,
 2026-May-17 00:00:00,N, , 112.727928317,  22.198649240,  113.119581078,  22.143795423,   316.788725043,       0.765322337,       -197.798,       33.088, 279.508, 200.5399,    *,  1.258302,  5.76632132989732, 31.6681064,    9.0937,
 2026-May-18 00:00:00,N, , 112.894218633,  22.177092915,  113.285761044,  22.121825963,   317.486474600,       0.465408074,       -244.772,       47.197, 280.928, 249.2693,    *,  1.254143,  5.78544220276518, 33.5326512,    8.9928,
 2026-May-19 00:00:00,N, , 113.114929551,  22.145757356,  113.506330629,  22.089954728,   318.135317240,       0.178095680,       -115.675,       27.213, 283.245, 118.8299,    *,  1.250270,  5.80336189880060, 27.7562717,    8.8969,
 2026-May-20 00:00:00,N,m, 113.361803296,  22.108524398,  113.753038613,  22.052133652,   318.760967313,      -0.102956883,         95.489,      -12.648,  97.539,  96.3240,    *,  1.247422,  5.81661169229004, 18.3734981,    8.8106,
 2026-May-21 00:00:00,N,m, 113.589492088,  22.073215622,  113.980561589,  22.016291640,   319.405487642,      -0.385432571,        237.649,      -43.837, 100.438, 241.6686,    *,  1.245629,  5.82498612760045, 11.9178100,    8.7307,
 2026-May-22 00:00:00,N,m, 113.767651860,  22.046044302,  114.158575696,  21.988710961,   320.097520667,      -0.672897494,        209.717,      -43.737, 101.768, 214.2382,    *,  1.244204,  5.83165645725802, 12.8221119,    8.6479,
 2026-May-23 00:00:00,N,m, 113.902296631,  22.027114059,  114.293092274,  21.969477080,   320.832033262,      -0.962586950,         31.734,      -12.020, 110.744,  33.9343,    *,  1.242229,  5.84092668141139, 20.3147115,    8.5542,
 2026-May-24 00:00:00,N,m, 114.031812258,  22.010212540,  114.422470953,  21.952283406,   321.573531164,      -1.247742793,       -168.156,       28.612, 279.666, 170.5685,    *,  1.239210,  5.85515976232374, 28.8551993,    8.4485,
 2026-May-25 00:00:00,N,m, 114.199334962,  21.987272799,  114.589817472,  21.928958757,   322.281573620,      -1.522717658,       -245.911,       48.751, 281.228, 250.6853,    *,  1.235437,  5.87303856119394, 32.0806125,    8.3375,
 2026-May-26 00:00:00,N,m, 114.421272241,  21.954258331,  114.811529415,  21.895426869,   322.940324902,      -1.786955419,       -146.593,       33.723, 282.964, 150.4168,    *,  1.231773,  5.89050813174944, 27.5028478,    8.2308,
 2026-May-27 00:00:00,N,m, 114.675798383,  21.914071249,  115.065802530,  21.854641228,   323.569761141,      -2.044913893,         57.125,       -5.836,  95.830,  57.4227,    *,  1.229015,  5.90372730530586, 18.2798304,    8.1338,
 2026-May-28 00:00:00,N,m, 114.919148203,  21.874465820,  115.308912809,  21.814459450,   324.210840193,      -2.302397288,        219.251,      -41.639, 100.740, 223.1790,    *,  1.227334,  5.91181368839731, 10.8284313,    8.0436,
 2026-May-29 00:00:00,N,m, 115.116746847,  21.842550069,  115.506320236,  21.782071442,   324.896380956,      -2.562342881,        224.412,      -47.812, 102.014, 229.4591,    *,  1.226167,  5.91743965105115, 10.2718811,    7.9515,
 2026-May-30 00:00:00,N,m, 115.267524359,  21.819667626,  115.656960508,  21.758824639,   325.627893108,      -2.823014139,         68.988,      -19.501, 105.780,  71.6928,    *,  1.224616,  5.92493610486675, 16.8601509,    7.8492,
 2026-May-31 00:00:00,N,m, 115.404915523,  21.800299072,  115.794241162,  21.739123377,   326.374179188,      -3.079640256,       -135.273,       23.133, 279.712, 137.2332,    *,  1.222084,  5.93720965854720, 25.7044970,    7.7351,
 2026-Jun-01 00:00:00,N,m, 115.572953576,  21.775988290,  115.962154402,  21.714410944,   327.093603714,      -3.328137087,       -241.165,       49.280, 281.563, 246.1368,    *,  1.218715,  5.95362204525217, 30.2187908,    7.6153,
 2026-Jun-02 00:00:00,N,m, 115.794177838,  21.741504580,  116.183213252,  21.679406152,   327.764464694,      -3.568006277,       -173.188,       39.918, 282.989, 177.7223,    *,  1.215284,  5.97043172811797, 26.9592397,    7.4994,
 2026-Jun-03 00:00:00,N,m, 116.053529187,  21.698631123,  116.442363975,  21.635928696,   328.400576290,      -3.802257108,         18.477,        1.599,  85.053,  18.5456,    u,  1.212626,  5.98351768626823, 18.1243334,    7.3929,
 2026-Jun-04 00:00:00,N,m, 116.309811274,  21.654872315,  116.698440676,  21.591579075,   329.040823043,      -4.034755283,        196.217,      -38.314, 101.038, 199.9297,    *,  1.211043,  5.99133855953906,  9.8551775,    7.2936,
 2026-Jun-05 00:00:00,N,m, 116.525164501,  21.618127804,  116.913614951,  21.554343891,   329.721361974,      -4.267308354,        233.489,      -51.072, 102.325, 239.0208,    *,  1.210102,  5.99599849732002,  7.8404849,    7.1933,
 2026-Jun-06 00:00:00,N,m, 116.691679017,  21.591036244,  117.079984176,  21.526878482,   330.450128939,      -4.498608749,        103.779,      -27.101, 104.629, 107.2617,    *,  1.208943,  6.00174553348998, 13.3459912,    7.0836,
 2026-Jun-07 00:00:00,N,m, 116.837165512,  21.568957862,  117.225334903,  21.504476880,   331.200957939,      -4.725589351,        -99.839,       16.655, 279.476, 101.2167,    *,  1.206890,  6.01195690202850, 22.2622383,    6.9622,
 2026-Jun-08 00:00:00,N,m, 117.005431249,  21.543229015,  117.393435287,  21.478372309,   331.932095595,      -4.945978631,       -230.709,       48.646, 281.920, 235.7715,    *,  1.203939,  6.02669378860071, 27.9535777,    6.8348,
 2026-Jun-09 00:00:00,N,m, 117.224448814,  21.507456377,  117.612233120,  21.442104927,   332.616554619,      -5.159952706,       -195.026,       45.617, 283.176, 200.2815,    *,  1.200764,  6.04262712540098, 26.0985646,    6.7106,
 2026-Jun-10 00:00:00,N,m, 117.486134540,  21.462170789,  117.873654795,  21.396222239,   333.261671577,      -5.369618365,        -19.698,        9.553, 295.875,  21.8921,    *,  1.198220,  6.05545669969971, 17.8674045,    6.5957,
 2026-Jun-11 00:00:00,N,m, 117.752757218,  21.414433311,  118.140010421,  21.347870306,   333.903329848,      -5.577003743,        169.070,      -33.815, 101.301, 172.4239,    *,  1.196727,  6.06301490388584,  8.9741303,    6.4884,
 2026-Jun-12 00:00:00,N,m, 117.984142181,  21.372808317,  118.371172768,  21.305704734,   334.580111901,      -5.782385241,        236.782,      -53.330, 102.679, 242.7248,    *,  1.195983,  6.06678229665799,  5.5363565,    6.3809,
 2026-Jun-13 00:00:00,N,m, 118.165921305,  21.341259923,  118.552797245,  21.273723583,   335.306105432,      -5.984250534,        135.252,      -34.603, 104.343, 139.6129,    *,  1.195188,  6.07081769386909,  9.8074842,    6.2647,
 2026-Jun-14 00:00:00,N, , 118.319778103,  21.316206051,  118.706551632,  21.248298934,   336.060767639,      -6.180794565,        -62.831,        9.280, 278.406,  63.5117,    *,  1.193602,  6.07888517713379, 18.5591366,    6.1371,
 2026-Jun-15 00:00:00,N, , 118.488223983,  21.288976800,  118.874902493,  21.220669352,   336.803306095,      -6.371625162,       -214.915,       46.757, 282.286, 219.9331,    *,  1.191083,  6.09174450165754, 25.2749832,    6.0031,
 2026-Jun-16 00:00:00,N, , 118.703811138,  21.252091147,  119.090357751,  21.183284671,   337.502230306,      -6.558127194,       -211.664,       50.612, 283.460, 217.6210,    *,  1.188192,  6.10656635465269, 24.8702526,    5.8719,
 2026-Jun-17 00:00:00,N, , 118.965450770,  21.204719788,  119.351813142,  21.135320529,   338.158285143,      -6.742112894,        -56.559,       17.870, 287.538,  59.3136,    *,  1.185781,  6.11898313764178, 17.4510852,    5.7496,
 2026-Jun-18 00:00:00,N, , 119.239713662,  21.153272650,  119.625859269,  21.083261689,   338.803459617,      -6.924023407,        138.447,      -28.132, 101.478, 141.2797,    *,  1.184373,  6.12625404070458,  8.1529365,    5.6354,
 2026-Jun-19 00:00:00,N, , 119.485138948,  21.106817094,  119.871071787,  21.036265541,   339.477745211,      -7.102338330,        234.322,      -54.427, 103.063, 240.5718,    *,  1.183805,  6.12919568568892,  3.3696684,    5.5217,
 2026-Jun-20 00:00:00,N, , 119.681415085,  21.070641485,  120.067163422,  20.999661568,   340.200939207,      -7.274740927,        162.868,      -41.818, 104.391, 168.1571,    *,  1.183346,  6.13157341471762,  6.2871547,    5.4001,
 2026-Jun-21 00:00:00,N, , 119.843719112,  21.042393415,  120.229304837,  20.971059374,   340.958587746,      -7.440158897,        -24.963,        1.087, 272.495,  24.9866,    *,  1.182214,  6.13744317555607, 14.6451956,    5.2675,
 2026-Jun-22 00:00:00,N, , 120.012247831,  21.013619268,  120.397661427,  20.941912998,   341.711920983,      -7.600003229,       -194.158,       43.522, 282.645, 198.9685,    *,  1.180136,  6.14824810176188, 22.2173397,    5.1282,
 2026-Jun-23 00:00:00,N, , 120.223236273,  20.975853067,  120.608437856,  20.903674905,   342.425815137,      -7.757318595,       -222.829,       54.698, 283.804, 229.4333,    *,  1.177553,  6.16173529944167, 23.2817518,    4.9911,
 2026-Jun-24 00:00:00,N, , 120.482480935,  20.926815357,  120.867427680,  20.854053622,   343.094460101,      -7.914280598,        -91.347,       26.365, 286.104,  95.0736,    *,  1.175294,  6.17358219177002, 16.8701825,    4.8627,
 2026-Jun-25 00:00:00,N, , 120.761588070,  20.872050370,  121.146267328,  20.798658210,   343.745143146,      -8.070144021,        105.054,      -21.303, 101.457, 107.1939,    *,  1.173970,  6.18054142975244,  7.4028909,    4.7427,
 2026-Jun-26 00:00:00,N, , 121.018830860,  20.820940422,  121.403274046,  20.746965139,   344.418209607,      -8.221469475,        226.180,      -54.202, 103.464, 232.5948,    *,  1.173552,  6.18274174119774,  1.3936014,    4.6240,
 2026-Jun-27 00:00:00,N, , 121.228597238,  20.780058983,  121.612863815,  20.705605829,   345.138549404,      -8.364575430,        185.879,      -48.471, 104.605, 192.1032,    *,  1.173397,  6.18356011480773,  2.8827178,    4.4982,
 2026-Jun-28 00:00:00,N, , 121.399386981,  20.748423943,  121.783528355,  20.673580690,   345.898039701,      -8.498494388,         12.705,       -7.726, 121.305,  14.8698,    t,  1.172699,  6.18723946923197, 10.6264627,    4.3617,
 2026-Jun-29 00:00:00,N,m, 121.568138372,  20.718033622,  121.952165750,  20.642808132,   346.660943672,      -8.626176801,       -169.067,       38.924, 282.975, 173.4840,    *,  1.171067,  6.19586568623880, 18.8516461,    4.2182,
 2026-Jun-30 00:00:00,N,m, 121.773748155,  20.679589972,  122.157627155,  20.603906101,   347.389549379,      -8.752623132,       -228.383,       57.680, 284.187, 235.5423,    *,  1.168811,  6.20782222785545, 21.3576626,    4.0764,
 2026-Jul-01 00:00:00,N,m, 122.028611222,  20.629310253,  122.412287330,  20.553065963,   348.071753235,      -8.881018032,       -123.378,       34.830, 285.771, 128.1962,    *,  1.166720,  6.21894710309521, 16.1224038,    3.9430,
 2026-Jul-02 00:00:00,N,m, 122.309990456,  20.571658913,  122.693426262,  20.494802564,   348.729461784,      -9.009965124,         69.581,      -13.389, 100.888,  70.8578,    *,  1.165479,  6.22556859376269,  6.7253920,    3.8182,
 2026-Jul-03 00:00:00,N,m, 122.576922396,  20.516114803,  122.960119791,  20.438683534,   349.402285825,      -9.134166923,        212.594,      -52.532, 103.868, 218.9977,    *,  1.165189,  6.22711881624082, -0.3678916,    3.6954,
 2026-Jul-04 00:00:00,N,m, 122.799215543,  20.470464839,  123.182208249,  20.392559508,   350.119463468,      -9.248130665,        203.919,      -54.341, 104.910, 211.0450,    *,  1.165305,  6.22649700252196, -0.3582195,    3.5663,
 2026-Jul-05 00:00:00,N,m, 122.978629275,  20.435223328,  123.361451885,  20.356938218,   350.879295581,      -9.350344985,         49.422,      -16.986, 108.965,  52.2606,    *,  1.165020,  6.22802458768237,  6.5600535,    3.4267,
 2026-Jul-06 00:00:00,N,m, 123.148004318,  20.403083031,  123.530660443,  20.324438492,   351.649981995,      -9.444901337,       -140.207,       32.959, 283.236, 144.0246,    *,  1.163833,  6.23437621701458, 15.2142024,    3.2800,
 2026-Jul-07 00:00:00,N,m, 123.347859206,  20.364099703,  123.730313466,  20.285026203,   352.392321178,      -9.538902940,       -228.206,       59.360, 284.593, 235.7880,    *,  1.161924,  6.24461515517621, 19.0917211,    3.1344,
 2026-Jul-08 00:00:00,N,m, 123.596753475,  20.312971796,  123.978955266,  20.233358441,   353.088370533,      -9.637144695,       -151.837,       42.988, 285.816, 157.7991,    *,  1.160023,  6.25485015955732, 15.1628161,    2.9969,
 2026-Jul-09 00:00:00,N,m, 123.878063076,  20.252886887,  124.259985385,  20.172658380,   353.754167764,      -9.738203923,         33.019,       -4.568,  97.874,  33.3337,    *,  1.158869,  6.26107749769723,  6.0675293,    2.8682,
 2026-Jul-10 00:00:00,N,m, 124.152552949,  20.193188978,  124.534217795,  20.112355050,   354.427553459,      -9.835136832,        194.030,      -49.371, 104.265, 200.2208,    *,  1.158690,  6.26204577241787, -1.9364768,    2.7422,
 2026-Jul-11 00:00:00,N,m, 124.386290083,  20.142761744,  124.767761894,  20.061406648,   355.141209021,      -9.920304300,        216.643,      -59.195, 105.271, 224.5957,    *,  1.159050,  6.26010283021826, -3.4160479,    2.6106,
 2026-Jul-12 00:00:00,N,m, 124.574412937,  20.103702616,  124.955762521,  20.021924234,   355.899720070,      -9.990988384,         84.374,      -26.466, 107.411,  88.4297,    *,  1.159155,  6.25953466564826,  2.4809177,    2.4689,
 2026-Jul-13 00:00:00,N,m, 124.744910050,  20.069647698,  125.126171611,  19.987488524,   356.676018887,     -10.051867988,       -108.242,       25.672, 283.348, 111.2424,    *,  1.158415,  6.26353185681110, 11.3206104,    2.3199,
 2026-Jul-14 00:00:00,N, , 124.938829085,  20.030236161,  125.319979366,  19.947655154,   357.430586653,     -10.112096309,       -222.372,       59.578, 285.010, 230.2039,    *,  1.156876,  6.27186399784794, 16.4599735,    2.1714,
 2026-Jul-15 00:00:00,N, , 125.180320219,  19.978676582,  125.561295013,  19.895583135,   358.140289502,     -10.178578562,       -176.231,       50.608, 286.032, 183.3463,    *,  1.155190,  6.28101804687297, 13.9393684,    2.0309,
 2026-Jul-16 00:00:00,N, , 125.459220008,  19.916693356,  125.839956071,  19.833017298,   358.814969238,     -10.250555570,         -3.946,        5.022, 321.843,   6.3870,    U,  1.154135,  6.28676314944631,  5.3764219,    1.8992,
 2026-Jul-17 00:00:00,N, , 125.738955744,  19.853243357,  126.119428242,  19.768988249,   359.489708249,     -10.319820699,        170.905,      -44.670, 104.639, 176.6526,    *,  1.154056,  6.28719290798049, -3.3405059,    1.7709,
 2026-Jul-18 00:00:00,N, , 125.982725648,  19.798159222,  126.362956418,  19.713401476,     0.199663647,     -10.376416275,        223.853,      -62.818, 105.663, 232.5118,    *,  1.154634,  6.28404360675555, -6.2751165,    1.6378,
 2026-Jul-19 00:00:00,N, , 126.179299944,  19.755173868,  126.559333234,  19.670009454,     0.955383320,     -10.415819514,        116.818,      -35.916, 107.084, 122.2181,    *,  1.155110,  6.28145702578027, -1.5560577,    1.4951,
 2026-Jul-20 00:00:00,N, , 126.351215406,  19.719100465,  126.731079783,  19.633576032,     1.735132864,     -10.442670651,        -73.932,       17.170, 283.079,  75.8982,    *,  1.154816,  6.28305577166689,  7.2342829,    1.3450,
 2026-Jul-21 00:00:00,N, , 126.539009468,  19.679409549,  126.918694328,  19.593487034,     2.500191595,     -10.467968028,       -211.028,       58.201, 285.430, 218.8963,    *,  1.153665,  6.28932245987210, 13.5005003,    1.1951,
 2026-Jul-22 00:00:00,N, , 126.771739728,  19.627889738,  127.151204399,  19.541472039,     3.223026216,     -10.501114325,       -195.902,       57.388, 286.338, 204.1256,    *,  1.152219,  6.29721579326535, 12.4554050,    1.0528,
 2026-Jul-23 00:00:00,N, , 127.045870448,  19.564648173,  127.425078587,  19.477647788,     3.907184970,     -10.542713713,        -40.314,       15.121, 290.562,  43.0564,    *,  1.151273,  6.30238884833483,  4.6499473,    0.9197,
 2026-Jul-24 00:00:00,N, , 127.328367207,  19.497988707,  127.707319804,  19.410388640,     4.584092503,     -10.583812254,        143.876,      -38.469, 104.962, 148.9348,    *,  1.151284,  6.30232988607864, -4.5511385,    0.7906,
 2026-Jul-25 00:00:00,N, , 127.580527933,  19.438494124,  127.959270439,  19.350358681,     5.290305489,     -10.612120505,        225.491,      -65.023, 106.074, 234.6912,    *,  1.152054,  6.29811799102838, -8.8640509,    0.6578,
 2026-Jul-26 00:00:00,N, , 127.785153911,  19.391538794,  128.163752333,  19.302968942,     6.041812301,     -10.620776680,        146.101,      -45.076, 107.139, 152.9018,    *,  1.152873,  6.29364073661183, -5.4518210,    0.5164,
 2026-Jul-27 00:00:00,N, , 127.958852252,  19.353332706,  128.337355311,  19.264398164,     6.822630465,     -10.613668231,        -37.995,        7.582, 281.287,  38.7443,    *,  1.153018,  6.29285413820005,  3.0478619,    0.3690,
 2026-Jul-28 00:00:00,N,m, 128.140606882,  19.313458393,  128.519025111,  19.224160706,     7.595920604,     -10.603230498,       -194.433,       55.143, 285.844, 202.0923,    *,  1.152269,  6.29694069418045, 10.2703335,    0.2259,
 2026-Jul-29 00:00:00,N,m, 128.363586965,  19.262404185,  128.741880776,  19.172759537,     8.330683109,     -10.601509534,       -210.518,       63.152, 286.709, 219.7757,    *,  1.151086,  6.30341421891953, 10.7264901,    0.1109,
 2026-Jul-30 00:00:00,N,m, 128.630919883,  19.198534173,  129.008753656,  19.108383139,     9.024561201,     -10.611308893,        -75.370,       25.478, 288.681,  79.5584,    *,  1.150263,  6.30792511378463,  3.8755530,    0.1162,
 2026-Jul-31 00:00:00,N,m, 128.913877997,  19.129235927,  129.291441671,  19.038415532,     9.704121583,     -10.623670426,        113.535,      -30.817, 105.180, 117.6457,    *,  1.150355,  6.30741859584901, -5.5800742,    0.2217,
 2026-Aug-01 00:00:00,N,m, 129.172817845,  19.065619189,  129.550148010,  18.974254783,    10.406445588,     -10.623923271,        221.531,      -65.627, 106.490, 231.0586,    *,  1.151292,  6.30228783365661,-11.1681092,    0.3478,
 2026-Aug-02 00:00:00,N,m, 129.385077175,  19.014666560,  129.762210082,  18.922869535,    11.152338390,     -10.602520179,        171.489,      -53.627, 107.356, 179.6859,    *,  1.152429,  6.29606570034967, -9.1596846,    0.4868,
 2026-Aug-03 00:00:00,A,m, 129.561013632,  18.974176612,  129.937982542,  18.882022563,    11.931779061,     -10.561896994,         -1.428,       -2.843, 206.674,   3.1818,    t,  1.153002,  6.29293780755468, -1.1845175,    0.6350,
 2026-Aug-04 00:00:00,A,m, 129.737098482,  18.934132842,  130.113902477,  18.841618976,    12.710794779,     -10.515414677,       -173.141,       50.378, 286.232, 180.3146,    *,  1.152670,  6.29475245177637,  6.7887706,    0.7847,
 2026-Aug-05 00:00:00,A,m, 129.949702929,  18.883897655,  130.326305486,  18.790946696,    13.455962623,     -10.477966818,       -219.772,       67.460, 287.075, 229.8805,    *,  1.151775,  6.29964326387707,  8.7218541,    0.9280,
 2026-Aug-06 00:00:00,A,m, 130.208462906,  18.820017935,  130.584821818,  18.726533785,    14.158778633,     -10.454860483,       -108.312,       35.882, 288.335, 114.0978,    *,  1.151093,  6.30337493670157,  2.9967839,    1.0623,
 2026-Aug-07 00:00:00,A,m, 130.489642060,  18.748703362,  130.865747065,  18.654638872,    14.841299999,     -10.437655856,         80.567,      -21.846, 105.167,  83.4780,    *,  1.151266,  6.30243029579563, -6.4750797,    1.1917,
 2026-Aug-08 00:00:00,A,m, 130.753648692,  18.681330805,  131.129537608,  18.586719648,    15.539735127,     -10.410084783,        212.118,      -64.519, 106.907, 221.7240,    *,  1.152349,  6.29650568787243,-13.2016020,    1.3240,
 2026-Aug-09 00:00:00,A,m, 130.972974112,  18.626411421,  131.348714528,  18.531344321,    16.278844125,     -10.359533645,        192.534,      -61.316, 107.655, 202.0710,    *,  1.153782,  6.28868628655403,-12.6612170,    1.4647,
 2026-Aug-10 00:00:00,A,m, 131.151523032,  18.583499964,  131.527170317,  18.488062952,    17.054589164,     -10.286240975,         35.079,      -13.904, 111.620,  37.7349,    *,  1.154775,  6.28327616058864, -5.4333510,    1.6133,
 2026-Aug-11 00:00:00,A, , 131.322344096,  18.543285065,  131.697903297,  18.447501825,    17.836701100,     -10.203796434,       -147.562,       43.932, 286.587, 153.9577,    *,  1.154874,  6.28274085839957,  3.0698795,    1.7630,
 2026-Aug-12 00:00:00,A, , 131.524063346,  18.494216065,  131.899482550,  18.398035523,    18.590391434,     -10.129713638,       -223.528,       70.308, 287.471, 234.3125,    *,  1.154296,  6.28588442488644,  6.4204701,    1.9062,
 2026-Aug-13 00:00:00,A, , 131.772544955,  18.430989060,  132.147746764,  18.334327833,    19.301795720,     -10.072446261,       -138.486,       45.988, 288.377, 145.9170,    *,  1.153780,  6.28869820004768,  1.9637771,    2.0401,
 2026-Aug-14 00:00:00,A, , 132.049609139,  18.358389145,  132.424538305,  18.261196015,    19.987604614,     -10.024942454,         45.706,      -11.698, 104.354,  47.1796,    *,  1.154037,  6.28729454952262, -7.2852813,    2.1686,
 2026-Aug-15 00:00:00,A, , 132.316672533,  18.287783132,  132.691326787,  18.190077483,    20.682379886,      -9.969615971,        197.466,      -61.601, 107.316, 206.8606,    *,  1.155252,  6.28068119684174,-14.9786622,    2.2991,
 2026-Aug-16 00:00:00,A, , 132.542087004,  18.229086609,  132.916511922,  18.130945044,    21.414001607,      -9.890751302,        208.659,      -67.826, 107.997, 219.4161,    *,  1.156958,  6.27141958517024,-15.9158924,    2.4377,
 2026-Aug-17 00:00:00,A, , 132.723300387,  18.183723068,  133.097553767,  18.085224904,    22.184194168,      -9.785789434,         70.523,      -25.270, 109.710,  74.9152,    *,  1.158362,  6.26382130014336, -9.6244724,    2.5839,
 2026-Aug-18 00:00:00,A, , 132.889151869,  18.143378532,  133.263262599,  18.044547899,    22.967040452,      -9.667812805,       -118.415,       35.906, 286.874, 123.7361,    *,  1.158902,  6.26089974722160, -0.8221670,    2.7316,
 2026-Aug-19 00:00:00,A, , 133.079507849,  18.095849492,  133.453458594,  17.996636230,    23.727451957,      -9.556621391,       -221.772,       71.461, 287.871, 232.9892,    *,  1.158669,  6.26215939639138,  3.8541555,    2.8731,
 2026-Aug-20 00:00:00,A, , 133.316034093,  18.033999530,  133.689780354,  17.934314932,    24.446850115,      -9.464158971,       -165.283,       55.531, 288.579, 174.3550,    *,  1.158342,  6.26392716146127,  0.7850856,    3.0052,
 2026-Aug-21 00:00:00,A, , 133.586571081,  17.960956537,  133.960080950,  17.860737563,    25.136331171,      -9.385529831,          9.645,       -0.562,  93.334,   9.6614,    O,  1.158690,  6.26204805382545, -7.9986244,    3.1313,
 2026-Aug-22 00:00:00,A, , 133.854509575,  17.887769440,  134.227793340,  17.787023889,    25.827925476,      -9.302465153,        177.887,      -56.831, 107.709, 186.7519,    *,  1.160020,  6.25486482704575,-16.4609845,    3.2589,
 2026-Aug-23 00:00:00, , , 134.084849492,  17.825587187,  134.457957699,  17.724389315,    26.551712839,      -9.196213896,        219.594,      -72.918, 108.358, 231.3962,    *,  1.161974,  6.24434758878748,-18.8525804,    3.3940,
 2026-Aug-24 00:00:00, , , 134.268679989,  17.777780794,  134.641671061,  17.676221789,    27.314823311,      -9.060876704,        104.204,      -36.666, 109.380, 110.4694,    *,  1.163772,  6.23470404240501,-13.6629586,    3.5368,
 2026-Aug-25 00:00:00, , , 134.429950235,  17.737315035,  134.802849222,  17.635441878,    28.096161872,      -8.908235462,        -86.318,       26.411, 287.017,  90.2661,    *,  1.164760,  6.22941453432015, -4.7992118,    3.6814,
 2026-Aug-26 00:00:00, ,m, 134.608756030,  17.691622793,  134.981533969,  17.589408482,    28.861337273,      -8.759881105,       -214.512,       70.767, 288.268, 225.8727,    *,  1.164894,  6.22869430666020,  1.0722478,    3.8200,
 2026-Aug-27 00:00:00, ,m, 134.832008289,  17.631807181,  135.204598806,  17.529175015,    29.587823295,      -8.631432849,       -188.003,       64.174, 288.856, 198.6450,    *,  1.164781,  6.22930219938977, -0.5380326,    3.9492,
 2026-Aug-28 00:00:00, ,m, 135.093865787,  17.559146239,  135.466207594,  17.456029601,    30.281117073,      -8.520880817,        -26.626,       11.247, 292.901,  28.9039,    u,  1.165226,  6.22692238279975, -8.6404722,    4.0720,
 2026-Aug-29 00:00:00, ,m, 135.360563511,  17.484068145,  135.732638340,  17.380460440,    30.970016128,      -8.410009500,        153.974,      -50.282, 108.078, 161.9815,    *,  1.166659,  6.21927573180025,-17.6591755,    4.1957,
 2026-Aug-30 00:00:00, ,m, 135.594610232,  17.418739443,  135.966451047,  17.314699347,    31.685873226,      -8.277297285,        225.156,      -76.383, 108.729, 237.7714,    *,  1.168835,  6.20769408389485,-21.4437476,    4.3265,
 2026-Aug-31 00:00:00, ,m, 135.781004990,  17.368498264,  136.152670676,  17.264108227,    32.440700777,      -8.113127041,        135.392,      -47.779, 109.431, 143.5798,    *,  1.171009,  6.19617220465450,-17.4975944,    4.4650,
 2026-Sep-01 00:00:00, ,m, 135.938227412,  17.327854543,  136.309761883,  17.223161159,    33.218524424,      -7.927181805,        -51.955,       15.617, 286.733,  54.2509,    *,  1.172449,  6.18856146705787, -8.8195529,    4.6054,
 2026-Sep-02 00:00:00, ,m, 136.105562301,  17.284205342,  136.476967160,  17.179183914,    33.986578798,      -7.742178705,       -201.911,       68.136, 288.657, 213.0880,    *,  1.172976,  6.18577925084058, -1.9216091,    4.7402,
 2026-Sep-03 00:00:00, ,m, 136.314482376,  17.227023790,  136.685723575,  17.121594768,    34.719227165,      -7.577395920,       -206.238,       71.653, 289.168, 218.3206,    *,  1.173104,  6.18510349623163, -2.0407517,    4.8656,
 2026-Sep-04 00:00:00, ,m, 136.565647441,  17.155576912,  136.936689949,  17.049663020,    35.416502819,      -7.434352364,        -62.460,       23.492, 290.615,  66.7303,    *,  1.173661,  6.18217097730735, -9.2639440,    4.9842,
 2026-Sep-05 00:00:00, ,m, 136.828967241,  17.079360031,  137.199809774,  16.972941679,    36.103386342,      -7.295683481,        126.181,      -42.009, 108.408, 132.9943,    *,  1.175188,  6.17413721480836,-18.6198568,    5.1031,
 2026-Sep-06 00:00:00, ,m, 137.065333410,  17.011313559,  137.436016709,  16.904443827,    36.811631443,      -7.137492226,        225.248,      -78.041, 109.099, 238.3963,    *,  1.177567,  6.16166335702284,-23.7048621,    5.2287,
 2026-Sep-07 00:00:00, ,m, 137.254018863,  16.958721471,  137.624601006,  16.851491880,    37.557530181,      -6.946190973,        163.432,      -58.297, 109.624, 173.5246,    *,  1.180101,  6.14843236020354,-21.1063480,    5.3618,
 2026-Sep-08 00:00:00, ,m, 137.407588280,  16.917874784,  137.778103203,  16.810355097,    38.330344201,      -6.728598066,        -16.104,        3.756, 283.129,  16.5362,    t,  1.181998,  6.13856551106551,-12.8467023,    5.4971,
 2026-Sep-09 00:00:00, , , 137.563534775,  16.876471453,  137.933963353,  16.768664583,    39.099717020,      -6.507791660,       -184.251,       63.535, 289.034, 194.8892,    *,  1.182944,  6.13365580683311, -5.1116951,    5.6270,
 2026-Sep-10 00:00:00, , , 137.757123130,  16.822533929,  138.127400067,  16.714378864,    39.837761244,      -6.306519453,       -219.489,       77.667, 289.497, 232.8135,    *,  1.183346,  6.13156992420474, -3.7479986,    5.7474,
 2026-Sep-11 00:00:00, , , 137.995518504,  16.753213793,  138.365572427,  16.644634324,    40.539363090,      -6.130348066,        -96.920,       35.810, 290.283, 103.3219,    *,  1.184034,  6.12801051906096, -9.9142109,    5.8606,
 2026-Sep-12 00:00:00, , , 138.253048632,  16.676770810,  138.622847215,  16.567732684,    41.225270014,      -5.963605008,         95.220,      -32.182, 108.669, 100.5131,    *,  1.185653,  6.11964381598677,-19.3681041,    5.9736,
 2026-Sep-13 00:00:00, , , 138.489934789,  16.606627522,  138.859504065,  16.497162873,    41.926801819,      -5.780607787,        219.931,      -77.773, 109.465, 233.2891,    *,  1.188215,  6.10644763567917,-25.6165540,    6.0928,
 2026-Sep-14 00:00:00, , , 138.680230423,  16.551930519,  139.049636463,  16.442114447,    42.663847830,      -5.563750149,        187.771,      -67.922, 109.878, 199.6870,    *,  1.191091,  6.09170116993344,-24.4257368,    6.2193,
 2026-Sep-15 00:00:00, , , 138.830277547,  16.510948215,  139.199583229,  16.400844621,    43.430860580,      -5.316312104,         20.533,       -8.935, 113.516,  22.3933,    *,  1.193445,  6.07968722627412,-16.7975047,    6.3483,
 2026-Sep-16 00:00:00, , , 138.974832395,  16.472028160,  139.344058367,  16.361642803,    44.200542968,      -5.060882842,       -161.861,       56.964, 289.396, 171.5864,    *,  1.194832,  6.07263022143665, -8.4267467,    6.4721,
 2026-Sep-17 00:00:00, , , 139.152106621,  16.421968868,  139.521224045,  16.311244752,    44.943591243,      -4.823302472,       -227.505,       81.990, 289.829, 241.8162,    *,  1.195538,  6.06904129364563, -5.6154610,    6.5862,
 2026-Sep-18 00:00:00, , , 139.375675152,  16.355738484,  139.744634944,  16.244598358,    45.650129962,      -4.613564494,       -129.343,       47.902, 290.328, 137.9238,    *,  1.196375,  6.06479868461685,-10.5713855,    6.6927,
 2026-Sep-19 00:00:00, , , 139.624939129,  16.280071159,  139.993714380,  16.168475066,    46.336388747,      -4.418501901,         61.709,      -20.969, 108.765,  65.1755,    *,  1.198081,  6.05616231008832,-19.8871955,    6.7985,
 2026-Sep-20 00:00:00, , , 139.860379956,  16.208560743,  140.228989736,  16.096536598,    47.032519966,      -4.211326399,        209.288,      -75.479, 109.822, 222.4933,    *,  1.200804,  6.04242897607124,-27.1385355,    6.9101,
 2026-Sep-21 00:00:00, , , 140.051424465,  16.152086894,  140.419922650,  16.039713979,    47.761314014,      -3.970516364,        207.790,      -76.317, 110.158, 221.3718,    *,  1.203999,  6.02639438439250,-27.3787632,    7.0289,
 2026-Sep-22 00:00:00, , , 140.198026558,  16.111045885,  140.566463498,  15.998403170,    48.522236498,      -3.695251931,         56.980,      -22.089, 111.187,  61.1122,    *,  1.206802,  6.01239448194229,-20.5736873,    7.1503,
 2026-Sep-23 00:00:00, ,m, 140.331360490,  16.074771360,  140.699743969,  15.961885537,    49.291541394,      -3.406773578,       -135.375,       48.561, 289.740, 143.8167,    *,  1.208646,  6.00322297662659,-11.7901032,    7.2666,
 2026-Sep-24 00:00:00, ,m, 140.491656529,  16.029117290,  140.859941238,  15.915947736,    50.039327599,      -3.133471069,       -230.150,       84.442, 290.158, 245.1395,    *,  1.209685,  5.99806806206953, -7.6168962,    7.3733,
 2026-Sep-25 00:00:00, ,m, 140.698611908,  15.966874396,  141.066727318,  15.853346882,    50.751473354,      -2.889959063,       -159.041,       59.439, 290.499, 169.7793,    *,  1.210690,  5.99308850761659,-11.2480344,    7.4720,
 2026-Sep-26 00:00:00, ,m, 140.937250642,  15.892986460,  141.305147801,  15.779049648,    51.439547728,      -2.666357458,         26.332,       -8.593, 108.072,  27.6986,    *,  1.212481,  5.98423436901539,-20.1981922,    7.5695,
 2026-Sep-27 00:00:00, ,m, 141.169259346,  15.820881460,  141.536943463,  15.706544061,    52.131892020,      -2.435574825,        193.533,      -71.124, 110.170, 206.1974,    *,  1.215343,  5.97014155968246,-28.2715428,    7.6723,
 2026-Sep-28 00:00:00, ,m, 141.360125519,  15.762991869,  141.727653221,  15.648315654,    52.853506432,      -2.172460824,        223.127,      -83.230, 110.447, 238.1569,    *,  1.218832,  5.95305447847220,-29.9362893,    7.7823,
 2026-Sep-29 00:00:00, ,m, 141.503360811,  15.721951601,  141.870804869,  15.607006630,    53.608610600,      -1.871658345,         92.590,      -35.428, 110.934,  99.1387,    *,  1.222076,  5.93725223709554,-24.1296072,    7.8950,
 2026-Sep-30 00:00:00, ,m, 141.625763612,  15.688416770,  141.993168583,  15.573229825,    54.377385052,      -1.552177014,       -105.261,       38.430, 290.061, 112.0545,    *,  1.224391,  5.92602437977476,-15.1638304,    8.0028,
 2026-Oct-01 00:00:00, ,m, 141.768630050,  15.647609564,  142.135989600,  15.532143386,    55.130060479,      -1.244271656,       -227.354,       84.872, 290.481, 242.6673,    *,  1.225792,  5.91925367345196, -9.7478143,    8.1008,
 2026-Oct-02 00:00:00, ,m, 141.957384368,  15.590199359,  142.324656433,  15.474380049,    55.848799194,      -0.967192320,       -185.413,       70.108, 290.721, 198.2163,    *,  1.226990,  5.91347399376557,-11.9794050,    8.1905,
 2026-Oct-03 00:00:00, ,m, 142.183103212,  15.519109348,  142.550249637,  15.402881834,    56.540470663,      -0.715022732,        -10.168,        4.675, 294.694,  11.1915,    O,  1.228870,  5.90442652970894,-20.3559230,    8.2785,
 2026-Oct-04 00:00:00, ,m, 142.409566521,  15.447264914,  142.776585866,  15.330635065,    57.231079842,      -0.461191879,        173.002,      -64.738, 110.509, 184.7253,    *,  1.231854,  5.89012213166008,-29.0575882,    8.3715,
 2026-Oct-05 00:00:00, ,m, 142.599056049,  15.388436186,  142.965986085,  15.271470569,    57.947193294,      -0.177331430,        233.364,      -88.389, 110.735, 249.5552,    *,  1.235613,  5.87220512823247,-32.0983414,    8.4715,
 2026-Oct-06 00:00:00, ,m, 142.738750935,  15.347540897,  143.105639879,  15.230325132,    58.697436380,       0.146717851,        126.433,      -48.547, 111.000, 135.4372,    *,  1.239287,  5.85479596338137,-27.4286496,    8.5743,
 2026-Oct-07 00:00:00, , , 142.850408592,  15.316861448,  143.217275376,  15.199444569,    59.466156001,       0.494991485,        -72.278,       26.810, 290.355,  77.0885,    *,  1.242088,  5.84159272278771,-18.5117100,    8.6722,
 2026-Oct-08 00:00:00, , , 142.975386911,  15.281342407,  143.342200430,  15.163705771,    60.224396669,       0.836177193,       -219.218,       83.207, 290.794, 234.4665,    *,  1.243881,  5.83316990807479,-11.9994329,    8.7602,
 2026-Oct-09 00:00:00, , , 143.144297324,  15.229653994,  143.510993176,  15.111728470,    60.951177400,       1.146555814,       -207.952,       79.622, 290.960, 222.6641,    *,  1.245300,  5.82652368464056,-12.7828658,    8.8395,
 2026-Oct-10 00:00:00, , , 143.354593349,  15.162502363,  143.721117456,  15.044220908,    61.648714402,       1.427483777,        -47.132,       18.571, 291.507,  50.6587,    u,  1.247276,  5.81729467610664,-20.3816595,    8.9166,
 2026-Oct-11 00:00:00, , , 143.573040495,  15.091954540,  143.939387713,  14.973300507,    62.340225007,       1.704111731,        148.040,      -56.377, 110.842, 158.4162,    *,  1.250366,  5.80291964110855,-29.4955048,    8.9983,
 2026-Oct-12 00:00:00, , , 143.759530646,  15.032853188,  144.125751596,  14.913871089,    63.053237241,       2.007446827,        238.315,      -91.604, 111.016, 255.3268,    *,  1.254367,  5.78440624545722,-33.8260643,    9.0869,
 2026-Oct-13 00:00:00, , , 143.895122084,  14.992398224,  144.261293849,  14.873161590,    63.800416844,       2.352561186,        157.883,      -61.134, 111.160, 169.3112,    *,  1.258455,  5.76561995693282,-30.3914013,    9.1782,
 2026-Oct-14 00:00:00, , , 143.995983493,  14.964767030,  144.362162845,  14.845325699,    64.570405660,       2.727267987,        -37.054,       13.920, 290.591,  39.5816,    *,  1.261747,  5.75057538335394,-21.7344893,    9.2648,
 2026-Oct-15 00:00:00, , , 144.102574127,  14.934985859,  144.468764831,  14.815329970,    65.335615940,       3.100063641,       -205.849,       79.388, 291.098, 220.6173,    *,  1.263957,  5.74051873288247,-14.2867791,    9.3413,
 2026-Oct-16 00:00:00, , , 144.250066678,  14.889895871,  144.616224717,  14.769964492,    66.072455149,       3.443102650,       -226.072,       87.651, 291.201, 242.4575,    *,  1.265620,  5.73297872319467,-13.6089106,    9.4086,
 2026-Oct-17 00:00:00, , , 144.442478363,  14.827839501,  144.808550546,  14.707567991,    66.778587717,       3.752749137,        -83.593,       32.686, 291.360,  89.7544,    *,  1.267694,  5.72359894621969,-20.2549848,    9.4732,
 2026-Oct-18 00:00:00, , , 144.650351237,  14.759692174,  145.016317279,  14.639062063,    67.474101158,       4.051892011,        119.340,      -46.251, 111.179, 127.9928,    *,  1.270868,  5.70930526183697,-29.5605678,    9.5422,
 2026-Oct-19 00:00:00, , , 144.832047982,  14.701068627,  145.197935967,  14.580124442,    68.186937442,       4.373488975,        237.939,      -92.753, 111.287, 255.3913,    *,  1.275078,  5.69045206534204,-35.0616791,    9.6179,
 2026-Oct-20 00:00:00, , , 144.962876989,  14.661378587,  145.328742608,  14.540201105,    68.933408132,       4.737434213,        186.301,      -72.857, 111.352, 200.0484,    *,  1.279551,  5.67056100836709,-32.9311914,    9.6964,
 2026-Oct-21 00:00:00, , , 145.052978926,  14.636927456,  145.418862885,  14.515581221,    69.706523563,       5.135940072,         -0.276,        0.026, 275.309,   0.2770,    t,  1.283330,  5.65386114536237,-24.7438837,    9.7701,
 2026-Oct-22 00:00:00, ,m, 145.140934055,  14.613209225,  145.506828067,  14.491700093,    70.480578760,       5.538236566,       -187.479,       73.426, 291.395, 201.3371,    *,  1.285975,  5.64223257889006,-16.5507937,    9.8336,
 2026-Oct-23 00:00:00, ,m, 145.265729142,  14.575469765,  145.631577627,  14.453744060,    71.229901987,       5.912860087,       -239.444,       93.967, 291.437, 257.2093,    *,  1.287901,  5.63379380231824,-14.4385142,    9.8875,
 2026-Oct-24 00:00:00, ,m, 145.438011161,  14.519590528,  145.803749521,  14.397576774,    71.947742108,       6.250882205,       -118.951,       46.735, 291.454, 127.7992,    *,  1.290076,  5.62429592502643,-19.9852169,    9.9383,
 2026-Oct-25 00:00:00, ,m, 145.632847707,  14.454927730,  145.998449471,  14.332588899,    72.650766753,       6.572097941,         87.373,      -34.515, 111.552,  93.9444,    *,  1.293312,  5.61022631181268,-29.2714719,    9.9932,
 2026-Oct-26 00:00:00, ,m, 145.807936316,  14.397549226,  146.173436011,  14.274907972,    73.366863439,       6.910649967,        232.225,      -91.739, 111.547, 249.7014,    *,  1.297694,  5.59128231556568,-35.8080523,   10.0547,
 2026-Oct-27 00:00:00, ,m, 145.933277107,  14.358961754,  146.298753694,  14.236083026,    74.115635702,       7.291027723,        211.117,      -83.405, 111.549, 227.0047,    *,  1.302520,  5.57056614333628,-35.0191441,   10.1190,
 2026-Oct-28 00:00:00, ,m, 146.012665252,  14.337786472,  146.378196324,  14.214730423,    74.894485849,       7.710339560,         37.282,      -14.549, 111.316,  40.0206,    *,  1.306776,  5.55242042484028,-27.4915344,   10.1786,
 2026-Oct-29 00:00:00, ,m, 146.081891360,  14.320361281,  146.447507955,  14.197139386,    75.680004899,       8.139467679,       -164.495,       65.408, 291.691, 177.0159,    *,  1.309870,  5.53930785052649,-18.7555799,   10.2276,
 2026-Oct-30 00:00:00, ,m, 146.182946507,  14.290613068,  146.548620261,  14.167180610,    76.444908876,       8.543984251,       -247.705,       98.329, 291.661, 266.4935,    *,  1.312080,  5.52997473080863,-15.2772767,   10.2668,
 2026-Oct-31 00:00:00, ,m, 146.332999894,  14.241937978,  146.698671223,  14.118229810,    77.178191381,       8.909587691,       -152.336,       60.308, 291.604, 163.8344,    *,  1.314362,  5.52037642283015,-19.6140806,   10.3024,
 2026-Nov-01 00:00:00, ,m, 146.512277360,  14.181882744,  146.877901934,  14.057864932,    77.892865952,       9.252261272,         52.882,      -21.449, 112.076,  57.0668,    *,  1.317639,  5.50664684741949,-28.6728790,   10.3418,
 2026-Nov-02 00:00:00, ,m, 146.678716379,  14.126618737,  147.044295679,  14.002317844,    78.616330759,       9.606491337,        221.330,      -88.545, 111.795, 238.3957,    *,  1.322154,  5.48784137412499,-36.0851006,   10.3877,
 2026-Nov-03 00:00:00, ,m, 146.797569371,  14.089577036,  147.163145562,  13.965067024,    79.371150637,      10.000963884,        231.873,      -92.505, 111.740, 249.6559,    *,  1.327297,  5.46657817620543,-36.6402190,   10.4365,
 2026-Nov-04 00:00:00, , , 146.866089438,  14.071832542,  147.231709747,  13.947187957,    80.159139928,      10.438025471,         74.954,      -29.501, 111.481,  80.5518,    *,  1.332015,  5.44721267776521,-29.9382277,   10.4803,
 2026-Nov-05 00:00:00, , , 146.916402852,  14.060940860,  147.282079542,  13.936187416,    80.959576964,      10.891100680,       -137.259,       55.441, 292.000, 148.0288,    *,  1.335567,  5.43272756276737,-20.8621187,   10.5135,
 2026-Nov-06 00:00:00, , , 146.992626328,  14.039829843,  147.358323566,  13.914928167,    81.744007613,      11.323556475,       -250.683,      100.579, 291.872, 270.0932,    *,  1.338080,  5.42252283268048,-16.1020388,   10.5362,
 2026-Nov-07 00:00:00, , , 147.118259019,  13.999428018,  147.483918667,  13.874304023,    82.497299516,      11.715757991,       -183.151,       73.095, 291.764, 197.1909,    *,  1.340472,  5.41284927107977,-19.1377393,   10.5550,
 2026-Nov-08 00:00:00, , , 147.279247327,  13.945205328,  147.644834354,  13.819804500,    83.228588213,      12.079226124,         16.494,       -7.316, 113.919,  18.0436,    O,  1.343767,  5.39957512484179,-27.7663396,   10.5773,
 2026-Nov-09 00:00:00, , , 147.434659158,  13.893078109,  147.800192589,  13.767403888,    83.964401718,      12.447916398,        205.425,      -83.176, 112.035, 221.6350,    *,  1.348370,  5.38114123547101,-35.8735626,   10.6060,
 2026-Nov-10 00:00:00, , , 147.545641876,  13.858180686,  147.911189342,  13.732291568,    84.729979437,      12.854170900,        248.055,      -99.861, 111.919, 267.4151,    *,  1.353782,  5.35963155952028,-37.7333270,   10.6376,
 2026-Nov-11 00:00:00, , , 147.602855386,  13.844115460,  147.968494301,  13.718084136,    85.531556483,      13.305743453,        111.782,      -44.396, 111.657, 120.2781,    *,  1.358932,  5.33931998467266,-31.9830667,   10.6642,
 2026-Nov-12 00:00:00, , , 147.634020389,  13.839985358,  147.999790753,  13.713847769,    86.351408797,      13.779391970,       -106.507,       43.794, 292.356, 115.1564,    *,  1.362935,  5.32363554766122,-22.7646392,   10.6797,
 2026-Nov-13 00:00:00, , , 147.684466161,  13.828069235,  148.050348057,  13.701800323,    87.160290230,      14.237140821,       -248.380,      100.640, 292.067, 267.9804,    *,  1.365758,  5.31263496358486,-16.8380874,   10.6843,
 2026-Nov-14 00:00:00, , , 147.783654755,  13.796925571,  148.149587801,  13.670461133,    87.939058790,      14.654298802,       -210.793,       84.771, 291.916, 227.1901,    *,  1.368253,  5.30294403063008,-18.5152065,   10.6847,
 2026-Nov-15 00:00:00, , , 147.923702690,  13.749724166,  148.289632508,  13.623012285,    88.692738519,      15.037420563,        -21.106,        7.583, 289.762,  22.4268,    *,  1.371534,  5.29025883976163,-26.5258622,   10.6883,
 2026-Nov-16 00:00:00, , , 148.065704363,  13.701755243,  148.431621306,  13.574798290,    89.446618851,      15.419036716,        184.796,      -75.707, 112.271, 199.7097,    *,  1.376168,  5.27244590933325,-35.1389034,   10.6984,
 2026-Nov-17 00:00:00, , , 148.167426334,  13.669588833,  148.533370144,  13.542446699,    90.228379680,      15.834465480,        259.389,     -105.278, 112.081, 279.9542,    *,  1.381784,  5.25101633797922,-38.2419178,   10.7113,
 2026-Nov-18 00:00:00, , , 148.212987943,  13.659378945,  148.579016520,  13.532131899,    91.048748158,      16.296867868,        147.170,      -58.926, 111.815, 158.5330,    *,  1.387318,  5.23007047912907,-33.5523187,   10.7192,
 2026-Nov-19 00:00:00, , , 148.225009417,  13.662091596,  148.591153478,  13.534787178,    91.893348515,      16.787046764,        -72.727,       30.666, 292.866,  78.9265,    *,  1.391753,  5.21340370058065,-24.3885792,   10.7157,
 2026-Nov-20 00:00:00, ,m, 148.249099891,  13.659729681,  148.615337151,  13.532350820,    92.732496831,      17.266587820,       -240.804,       98.451, 292.246, 260.1395,    *,  1.394879,  5.20172037157779,-17.4344347,   10.7009,
 2026-Nov-21 00:00:00, ,m, 148.320223880,  13.638630298,  148.686494658,  13.511109533,    93.543102698,      17.706162330,       -234.728,       95.042, 292.052, 253.2277,    *,  1.397467,  5.19208827849381,-17.7341242,   10.6814,
 2026-Nov-22 00:00:00, ,m, 148.437001710,  13.599489088,  148.803255679,  13.471758532,    94.325812551,      18.107000881,        -59.172,       22.901, 291.160,  63.4481,    u,  1.400695,  5.18012306037886,-24.9692983,   10.6652,
 2026-Nov-23 00:00:00, ,m, 148.563384668,  13.556617308,  148.929623794,  13.428656681,    95.104330410,      18.499366317,        159.874,      -66.286, 112.513, 173.0762,    *,  1.405295,  5.16316683016210,-33.9049629,   10.6554,
 2026-Nov-24 00:00:00, ,m, 148.654504927,  13.527730645,  149.020791847,  13.399580348,    95.908609167,      18.920798360,        265.579,     -108.561, 112.223, 286.9264,    *,  1.411042,  5.14213606625846,-38.1648864,   10.6485,
 2026-Nov-25 00:00:00, ,m, 148.688140840,  13.521489651,  149.054566126,  13.393222020,    96.753970735,      19.389670842,        180.235,      -72.659, 111.949, 194.3361,    *,  1.416900,  5.12087802578805,-34.6135218,   10.6365,
 2026-Nov-26 00:00:00, ,m, 148.681259506,  13.530983652,  149.047887697,  13.402652205,    97.629726789,      19.891392815,        -36.730,       16.407, 294.071,  40.2275,    *,  1.421734,  5.10346724749588,-25.6980083,   10.6127,
 2026-Nov-27 00:00:00, ,m, 148.678777769,  13.538340752,  149.045608378,  13.409943199,    98.506102002,      20.388088961,       -228.153,       94.048, 292.411, 246.7655,    *,  1.425151,  5.09122877737914,-17.8794803,   10.5773,
 2026-Nov-28 00:00:00, ,m, 148.720547712,  13.527900542,  149.087520127,  13.399384325,    99.356082257,      20.846433730,       -254.534,      103.656, 292.168, 274.8168,    *,  1.427815,  5.08172925435457,-16.8138771,   10.5369,
 2026-Nov-29 00:00:00, ,m, 148.811902790,  13.497766140,  149.178941292,  13.369072839,   100.175600988,      21.262165604,        -97.072,       38.328, 291.550, 104.3624,    *,  1.430950,  5.07059725858417,-23.1352433,   10.4996,
 2026-Nov-30 00:00:00, ,m, 148.920463334,  13.460920582,  149.287528252,  13.332034515,   100.986382684,      21.662477271,        131.032,      -55.063, 112.788, 142.1354,    *,  1.435447,  5.05471063276615,-32.2087114,   10.4688,
 2026-Dec-01 00:00:00, ,m, 148.999536094,  13.435898608,  149.366646028,  13.306864152,   101.820520227,      22.086270991,        266.508,     -109.603, 112.345, 288.1813,    *,  1.441244,  5.03438060129955,-37.5204563,   10.4410,
 2026-Dec-02 00:00:00, ,m, 149.020835128,  13.433778282,  149.388047766,  13.304674272,   102.698148019,      22.556775692,        210.409,      -85.289, 112.057, 227.0476,    *,  1.447353,  5.01313074987196,-35.1528519,   10.4079,
 2026-Dec-03 00:00:00, , , 148.995222505,  13.449987452,  149.362588702,  13.320875146,   103.612688212,      23.064399247,          0.842,        1.314,  32.632,   1.5608,    t,  1.452540,  4.99523107348573,-26.6513966,   10.3628,
 2026-Dec-04 00:00:00, , , 148.966008647,  13.467165464,  149.333533156,  13.338045936,   104.534616140,      23.572718950,       -210.619,       87.481, 292.564, 228.0542,    *,  1.456224,  4.98259145367338,-18.1274943,   10.3055,
 2026-Dec-05 00:00:00, , , 148.977259682,  13.467915021,  149.344899253,  13.338728988,   105.432949335,      24.045158935,       -269.706,      110.339, 292.260, 291.3877,    *,  1.458939,  4.97332027394747,-15.7261940,   10.2429,
 2026-Dec-06 00:00:00, , , 149.041119589,  13.447681186,  149.408820193,  13.318353048,   106.298475808,      24.471970134,       -133.839,       53.400, 291.756, 144.0947,    *,  1.461930,  4.96314456533177,-21.0159782,   10.1834,
 2026-Dec-07 00:00:00, , , 149.129595337,  13.417805190,  149.497338845,  13.288298069,   107.150502802,      24.876588726,         99.072,      -42.381, 113.157, 107.7583,    *,  1.466244,  4.94854416062358,-30.0392358,   10.1306,
 2026-Dec-08 00:00:00, , , 149.195018223,  13.397286502,  149.562843713,  13.267629033,   108.023135448,      25.298351149,        262.270,     -108.392, 112.445, 283.8005,    *,  1.471988,  4.92923129237441,-36.2660214,   10.0808,
 2026-Dec-09 00:00:00, , , 149.203491991,  13.399446585,  149.571476708,  13.269714511,   108.941563021,      25.764752339,        237.129,      -96.506, 112.136, 256.0265,    *,  1.478252,  4.90834514406560,-35.0928479,   10.0257,
 2026-Dec-10 00:00:00, , , 149.159462027,  13.422203777,  149.527673586,  13.292468884,   109.903797972,      26.271406268,         39.288,      -14.271, 109.962,  41.7997,    *,  1.483718,  4.89026222472219,-27.1551646,    9.9581,
 2026-Dec-11 00:00:00, , , 149.103722412,  13.449098526,  149.472174378,  13.319379832,   110.880948507,      26.784258639,       -188.502,       78.866, 292.711, 204.3276,    *,  1.487623,  4.87742764365454,-18.0954015,    9.8780,
 2026-Dec-12 00:00:00, , , 149.083772241,  13.461313735,  149.452416313,  13.331567566,   111.837976435,      27.264408943,       -279.988,      114.922, 292.326, 302.6382,    *,  1.490344,  4.86852110841641,-14.4146114,    9.7924,
 2026-Dec-13 00:00:00, , , 149.118540705,  13.451631590,  149.487302331,  13.321789160,   112.759968717,      27.696846154,       -168.909,       67.814, 291.881, 182.0072,    *,  1.493126,  4.85944967798799,-18.5806830,    9.7100,
 2026-Dec-14 00:00:00, , , 149.185093393,  13.429459773,  149.553923849,  13.299483062,   113.663258778,      28.100667805,         64.482,      -28.474, 113.823,  70.4898,    *,  1.497158,  4.84636407965544,-27.3839278,    9.6345,
 2026-Dec-15 00:00:00, , , 149.235629429,  13.413904334,  149.604537013,  13.283818873,   114.583854130,      28.514687703,        252.917,     -104.923, 112.522, 273.8317,    *,  1.502731,  4.82839079114942,-34.3894928,    9.5622,
 2026-Dec-16 00:00:00, , , 149.231145265,  13.420323455,  149.600185690,  13.290205749,   115.552374070,      28.969921169,        259.875,     -106.027, 112.185, 280.6871,    *,  1.509030,  4.80823566462950,-34.4028109,    9.4845,
 2026-Dec-17 00:00:00, , , 149.169468941,  13.449224063,  149.538702345,  13.319151812,   116.572038501,      29.467176694,         77.816,      -29.962, 111.056,  83.3860,    *,  1.514680,  4.79029852071760,-27.1610888,    9.3942,
 2026-Dec-18 00:00:00, ,m, 149.088044807,  13.485409319,  149.457489879,  13.355407828,   117.615036857,      29.975566004,       -162.282,       68.409, 292.864, 176.1052,    *,  1.518737,  4.77750334073882,-17.7387236,    9.2910,
 2026-Dec-19 00:00:00, ,m, 149.036978348,  13.508989717,  149.406598972,  13.379014148,   118.642148615,      30.454883742,       -285.106,      117.245, 292.365, 308.2545,    *,  1.521408,  4.76911527040583,-12.8665416,    9.1821,
 2026-Dec-20 00:00:00, ,m, 149.041788073,  13.510160734,  149.411524569,  13.380129315,   119.632103989,      30.885348294,       -201.423,       81.144, 291.950, 217.1447,    *,  1.523908,  4.76129220092834,-15.8533472,    9.0767,
 2026-Dec-21 00:00:00, ,m, 149.085136431,  13.496163980,  149.454957399,  13.366017295,   120.597588114,      31.281344558,         28.066,      -13.723, 116.056,  31.2422,    *,  1.527553,  4.74993064859793,-24.2814646,    8.9785,
 2026-Dec-22 00:00:00, ,m, 149.119966301,  13.485836992,  149.489901678,  13.355580173,   121.576313525,      31.680180557,        238.688,      -99.286, 112.577, 258.5266,    *,  1.532824,  4.73359814594613,-31.9231073,    8.8839,
 2026-Dec-23 00:00:00, ,m, 149.102790901,  13.496308323,  149.472921905,  13.366008361,   122.604730151,      32.115453539,        278.248,     -113.628, 112.203, 300.5722,    *,  1.539024,  4.71452729653681,-33.0984023,    8.7838,
 2026-Dec-24 00:00:00, ,m, 149.024739162,  13.530712836,  149.395149942,  13.400453735,   123.692002636,      32.592937876,        115.766,      -45.417, 111.417, 124.3592,    *,  1.544747,  4.69706039763777,-26.6714257,    8.6709,
 2026-Dec-25 00:00:00, ,m, 148.919103705,  13.575462936,  149.289825961,  13.445288867,   124.811981754,      33.085629328,       -132.351,       56.305, 293.051, 143.8258,    *,  1.548877,  4.68453775109353,-17.0622357,    8.5449,
 2026-Dec-26 00:00:00, ,m, 148.837685589,  13.609985874,  149.208676164,  13.479873499,   125.921171237,      33.553175514,       -284.934,      117.232, 292.375, 308.0901,    *,  1.551434,  4.67681541805422,-11.1016038,    8.4132,
 2026-Dec-27 00:00:00, ,m, 148.812295299,  13.622019873,  149.183465086,  13.491901938,   126.991149558,      33.971756081,       -230.816,       93.091, 291.974, 248.8698,    *,  1.553576,  4.67036729284388,-12.8757719,    8.2851,
 2026-Dec-28 00:00:00, ,m, 148.831644703,  13.616451499,  149.202917834,  13.486273305,   128.030092883,      34.350873167,         -9.534,        1.546, 279.212,   9.6582,    O,  1.556729,  4.66090915460770,-20.7913968,    8.1648,
 2026-Dec-29 00:00:00, ,m, 148.850257222,  13.611490112,  149.221618030,  13.481255495,   129.077133572,      34.725391352,        219.806,      -91.589, 112.612, 238.1350,    *,  1.561562,  4.64648363198369,-28.9249026,    8.0484,
 2026-Dec-30 00:00:00, ,m, 148.820845390,  13.625734425,  149.192342868,  13.495508581,   130.174992483,      35.130384532,        291.784,     -119.074, 112.189, 315.1640,    *,  1.567520,  4.62882288176683,-31.2133266,    7.9266,
 2026-Dec-31 00:00:00, , , 148.727888689,  13.664919676,  149.099597829,  13.534786963,   131.339649369,      35.576076093,        152.166,      -60.164, 111.567, 163.6333,    *,  1.573189,  4.61214156648069,-25.6847249,    7.7918,
$$EOE
***************************************************************************************************************************************************************************************************************************************
Column meaning:
 
TIME

  Times PRIOR to 1962 are UT1, a mean-solar time closely related to the
prior but now-deprecated GMT. Times AFTER 1962 are in UTC, the current
civil or "wall-clock" time-scale. UTC is kept within 0.9 seconds of UT1
using integer leap-seconds for 1972 and later years.

  Conversion from the internal Barycentric Dynamical Time (TDB) of solar
system dynamics to the non-uniform civil UT time-scale requested for output
has not been determined for UTC times after the next July or January 1st.
Therefore, the last known leap-second is used as a constant over future
intervals.

  Time tags refer to the UT time-scale conversion from TDB on Earth
regardless of observer location within the solar system, although clock
rates may differ due to the local gravity field and no analog to "UT"
may be defined for that location.

  Any 'b' symbol in the 1st-column denotes a B.C. date. First-column blank
(" ") denotes an A.D. date.
 
CALENDAR SYSTEM

  Mixed calendar mode was active such that calendar dates after AD 1582-Oct-15
(if any) are in the modern Gregorian system. Dates prior to 1582-Oct-5 (if any)
are in the Julian calendar system, which is automatically extended for dates
prior to its adoption on 45-Jan-1 BC.  The Julian calendar is useful for
matching historical dates. The Gregorian calendar more accurately corresponds
to the Earth's orbital motion and seasons. A "Gregorian-only" calendar mode is
available if such physical events are the primary interest.

  NOTE: "n.a." in output means quantity "not available" at the print-time.
 
SOLAR PRESENCE (OBSERVING SITE)
  Time tag is followed by a blank, then a solar-presence symbol:

       '*'  Daylight (refracted solar upper-limb on or above apparent horizon)
       'C'  Civil twilight/dawn
       'N'  Nautical twilight/dawn
       'A'  Astronomical twilight/dawn
       ' '  Night OR geocentric ephemeris

LUNAR PRESENCE (OBSERVING SITE)
  The solar-presence symbol is immediately followed by a lunar-presence symbol:

       'm'  Refracted upper-limb of Moon on or above apparent horizon
       ' '  Refracted upper-limb of Moon below apparent horizon OR geocentric
            ephemeris
 
 'R.A.___(ICRF), DEC____(ICRF),' =
  Astrometric right ascension and declination of the target center with
respect to the observing site (coordinate origin) in the reference frame of
the planetary ephemeris (ICRF). Compensated for down-leg light-time delay
aberration.

  Units: RA  in decimal degrees,  ddd.fffff{ffff}
         DEC in decimal degrees,  sdd.fffff{ffff}
 
 'R.A.__(a-app), DEC___(a-app),' =
  Airless apparent right ascension and declination of the target center
with respect to an instantaneous reference frame defined by the Earth equator
of-date (z-axis) and meridian containing the Earth equinox of-date (x-axis,
EOP-corrected IAU76/80). Compensated for down-leg light-time delay,
gravitational deflection of light, stellar aberration, precession & nutation.
Note: equinox (RA origin) is offset -53 mas from the of-date frame defined by
the IAU06/00a P & N system.

  Units: RA  in decimal degrees, ddd.fffff{ffff}
         DEC in decimal degrees  sdd.fffff{ffff}

 
 'Azimuth_(a-app), Elevation_(a-app),' =
  Airless apparent azimuth and elevation of target center. Compensated
for light-time, the gravitational deflection of light, stellar aberration,
precession and nutation. Azimuth is measured clockwise from north:

  North(0) -> East(90) -> South(180) -> West(270) -> North (360)

Elevation angle is with respect to a plane perpendicular to the reference
surface local zenith direction. TOPOCENTRIC ONLY.  Units: DEGREES
 
 'X_(sat-prim), Y_(sat-prim), SatPANG,' =
   Satellite apparent differential coordinates in the plane-of-sky with
respect to the primary body along with the satellite position angle.
Differential coordinates are defined in RA as:

     X= ((RA_sat - RA_primary) * cosine(DEC_primary))

... and in DEC as:

     Y= (DEC_sat - DEC_primary)

Non-lunar satellites only. "SatPANG" is the counter-clockwise (CCW) position
angle from the reference-frame of-date north-pole to a line from the primary
center to the satellite center. Units: ARCSECONDS (X & Y), DEGREES (pos, angle)
 
 'ang-sep, vis.,' =
  The angular separation between the center of the target object and the center
of the (remote) primary body it revolves around, as seen by the observer, with
target visibility code.

  Visibility codes (refers to limb-to-limb):

    /t = Transiting primary body disk    /O = Occulted by primary body disk
    /p = Partial umbral eclipse          /P = Occulted partial umbral eclipse
    /u = Total umbral eclipse            /U = Occulted total umbral eclipse
    /- = Target is the primary body      /* = None of above ("free and clear")

  The radius of both primary and target body is taken to be the equatorial
value (maximum, given a triaxial shape). Atmospheric effects and oblateness
aspect are NOT currently considered.  Light-time is considered.

  Units: ARCSECONDS and visibility code
 
 'Ang-diam,' =
   The equatorial angular width of the target body full disk, if it were fully
illuminated and visible to the observer. If the target body diameter is unknown
"n.a." is output.

   Units: ARCSECONDS
 
 'delta,     deldot,' =
   Apparent range ("delta", light-time aberrated) and range-rate ("delta-dot")
of the target center relative to the observer. A positive "deldot" means the
target center is moving away from the observer, negative indicates movement
toward the observer.  Units: AU and KM/S
 
 'S-T-O,' =
   The Sun-Target-Observer angle; the interior vertex angle at target center
formed by a vector from the target to the apparent center of the Sun (at
reflection time on the target) and the apparent vector from target to the
observer at print-time. Slightly different from true PHASE ANGLE (requestable
separately) at the few arcsecond level in that it includes stellar aberration
on the down-leg from target to observer.  Units: DEGREES

Computations by ...

    Solar System Dynamics Group, Horizons On-Line Ephemeris System
    4800 Oak Grove Drive, Jet Propulsion Laboratory
    Pasadena, CA  91109   USA

    General site: https://ssd.jpl.nasa.gov/
    Mailing list: https://ssd.jpl.nasa.gov/email_list.html
    System news : https://ssd.jpl.nasa.gov/horizons/news.html
    User Guide  : https://ssd.jpl.nasa.gov/horizons/manual.html
    Connect     : browser        https://ssd.jpl.nasa.gov/horizons/app.html#/x
                  API            https://ssd-api.jpl.nasa.gov/doc/horizons.html
                  command-line   telnet ssd.jpl.nasa.gov 6775
                  e-mail/batch   https://ssd.jpl.nasa.gov/ftp/ssd/horizons_batch.txt
                  scripts        https://ssd.jpl.nasa.gov/ftp/ssd/SCRIPTS
    Inquiries   : Jon.D.Giorgini@jpl.nasa.gov

***************************************************************************************************************************************************************************************************************************************
