# JPL Horizons response, kept whole (#472)
# request-url: https://ssd.jpl.nasa.gov/api/horizons.api?format=text&COMMAND=%27501%27&MAKE_EPHEM=%27YES%27&EPHEM_TYPE=%27OBSERVER%27&CENTER=%27coord%40399%27&COORD_TYPE=%27GEODETIC%27&QUANTITIES=%271%2C2%2C4%2C6%2C12%2C13%2C20%2C24%27&EXTRA_PREC=%27YES%27&ANG_FORMAT=%27DEG%27&APPARENT=%27AIRLESS%27&CSV_FORMAT=%27YES%27&TIME_DIGITS=%27SECONDS%27&SITE_COORD=%2710.75%2C59.91%2C0.0%27&START_TIME=%272026-01-01%2000%3A00%27&STOP_TIME=%272026-12-31%2000%3A00%27&STEP_SIZE=%271%20d%27
# requested-utc: 2026-10-07T13:53:02Z
# body-sha256: 7e1a8d501fa663767ddc654e3bc845515cbbee2f307428089a9a2afa5db3f65c
# body-bytes: 95560
# complete: True
API VERSION: 1.2
API SOURCE: NASA/JPL Horizons API

*******************************************************************************
 Revised: Mar 12, 2021             Io  / (Jupiter)                          501

 SATELLITE PHYSICAL PROPERTIES:
  Mean radius (km)       = 1821.49           Density (g cm^-3) = 3.528 +- 0.006
  GM (km^3/s^2)          = 5959.9155+- 0.004 Geometric Albedo  = 0.63  +- 0.02
                                             V(1,0)            = -1.68

 SATELLITE ORBIT (at J2000.0 epoch, 2000-Jan-1.5):
  Semi-major axis, a (km)~ 422,000           Orbital period    ~ 1.77 d
  Eccentricity, e        ~ 0.00472           Rotational period = Synchronous
  Inclination, i  (deg)  ~ 0.0375
*******************************************************************************


*******************************************************************************
Ephemeris / API_USER Wed Oct  7 06:53:03 2026 Pasadena, USA      / Horizons    
*******************************************************************************
Target body name: Io (501)                        {source: jup365_merged}
Center body name: Earth (399)                     {source: DE441}
Center-site name: (user defined site below)
*******************************************************************************
Start time      : A.D. 2026-Jan-01 00:00:00.0000 UT      
Stop  time      : A.D. 2026-Dec-31 00:00:00.0000 UT      
Step-size       : 1440 minutes
*******************************************************************************
Target pole/equ : IAU_IO                          {West-longitude positive}
Target radii    : 1829.4, 1819.4, 1815.7 km       {Equator_a, b, pole_c}       
Center geodetic : 10.75, 59.91, 0.0               {E-lon(deg),Lat(deg),Alt(km)}
Center cylindric: 10.75, 3205.78431, 5495.4568    {E-lon(deg),Dxy(km),Dz(km)}
Center pole/equ : ITRF93                          {East-longitude positive}
Center radii    : 6378.137, 6378.137, 6356.752 km {Equator_a, b, pole_c}       
Target primary  : Jupiter
Vis. interferer : MOON (R_eq= 1737.400) km        {source: DE441}
Rel. light bend : Sun                             {source: jup365_merged}
Rel. lght bnd GM: 1.3271E+11 km^3/s^2                                          
Atmos refraction: NO (AIRLESS)
RA format       : DEG
Time format     : CAL 
Calendar mode   : Mixed Julian/Gregorian
EOP file        : eop.261006.p270102                                           
EOP coverage    : DATA-BASED 1962-JAN-20 TO 2026-OCT-06. PREDICTS-> 2027-JAN-01
Units conversion: 1 au= 149597870.700 km, c= 299792.458 km/s, 1 day= 86400.0 s 
Table cut-offs 1: Elevation (-90.0deg=NO ),Airmass (>38.000=NO), Daylight (NO )
Table cut-offs 2: Solar elongation (  0.0,180.0=NO ),Local Hour Angle( 0.0=NO )
Table cut-offs 3: RA/DEC angular rate (     0.0=NO )                           
Table format    : Comma Separated Values (spreadsheet)
***************************************************************************************************************************************************************************************************************************************
 Date__(UT)__HR:MN:SS, , , R.A.___(ICRF), DEC____(ICRF),  R.A.__(a-app), DEC___(a-app), Azimuth_(a-app), Elevation_(a-app),   X_(sat-prim), Y_(sat-prim), SatPANG,  ang-sep, vis.,  Ang-diam,             delta,     deldot,     S-T-O,
***************************************************************************************************************************************************************************************************************************************
$$SOE
 2026-Jan-01 00:00:00, ,m, 112.705576955,  22.037477122,  113.100645877,  21.982090477,   177.454108648,      52.053289512,        -79.266,       11.905, 278.546,  80.1539,    *,  1.189700,  4.24034198829186,  5.5136053,    2.0247,
 2026-Jan-02 00:00:00, ,m, 112.624429970,  22.051419947,  113.019692469,  21.996202915,   179.062508785,      52.083654505,        114.978,      -19.401,  99.571, 116.6052,    *,  1.189338,  4.24163395813503,-18.8520542,    1.8241,
 2026-Jan-03 00:00:00, ,m, 112.409320739,  22.085830349,  112.804892919,  22.031111613,   180.874420843,      52.118895757,       -134.460,       24.153, 280.191, 136.6088,    *,  1.190456,  4.23765011924773, 13.6778831,    1.5951,
 2026-Jan-04 00:00:00, ,m, 112.347234477,  22.094984931,  112.742975392,  22.040408870,   182.455900518,      52.112929442,        129.108,      -24.446, 100.714, 131.4046,    *,  1.191092,  4.23538720285261,-19.6482291,    1.3933,
 2026-Jan-05 00:00:00, ,m, 112.135426408,  22.129860736,  112.531449054,  22.075794804,   184.263682020,      52.113121073,       -104.115,       21.001, 281.410, 106.2102,    *,  1.190797,  4.23643755597464, 10.9263551,    1.1677,
 2026-Jan-06 00:00:00, ,m, 112.041978429,  22.142697486,  112.438150134,  22.088863488,   185.890316846,      52.078303482,         59.253,      -13.706, 103.020,  60.8183,    *,  1.192355,  4.23090028256681, -9.5744841,    0.9559,
 2026-Jan-07 00:00:00, ,m, 111.878959327,  22.170058056,  112.275325482,  22.116624369,   187.620310457,      52.038277130,         -7.533,        4.748, 302.226,   8.9044,    U,  1.191106,  4.23533742315438, -0.2919348,    0.7413,
 2026-Jan-08 00:00:00, ,m, 111.723060617,  22.192448112,  112.119587022,  22.139395763,   189.335454711,      51.976611583,        -49.253,        5.577, 276.463,  49.5675,    *,  1.192804,  4.22930663630283,  5.4640071,    0.5169,
 2026-Jan-09 00:00:00, ,m, 111.622330871,  22.209152488,  112.018970231,  22.156344437,   190.962545139,      51.897518946,         93.884,      -14.156,  98.569,  94.9467,    *,  1.191566,  4.23370076646126,-12.2266508,    0.3136,
 2026-Jan-10 00:00:00, ,m, 111.412344929,  22.240694047,  111.809177461,  22.188388851,   192.749416860,      51.806228420,       -126.288,       20.912, 279.410, 128.0048,    *,  1.192420,  4.23067112533634, 16.4327570,    0.0914,
 2026-Jan-11 00:00:00, , , 111.346739722,  22.250326699,  111.743651886,  22.198171438,   194.310874521,      51.692633289,        134.772,      -23.652,  99.946, 136.8350,    *,  1.192038,  4.23202619955340,-16.4529525,    0.1347,
 2026-Jan-12 00:00:00, , , 111.125420669,  22.284703397,  111.522546997,  22.233070915,   196.100422122,      51.568491473,       -122.858,       22.779, 280.511, 124.9495,    *,  1.191488,  4.23397927638668, 17.1488992,    0.3586,
 2026-Jan-13 00:00:00, , , 111.044971357,  22.295082674,  111.442200734,  22.243630631,   197.668287216,      51.423691905,         88.129,      -17.798, 101.412,  89.9101,    *,  1.192138,  4.23166945768114, -9.3906144,    0.5676,
 2026-Jan-14 00:00:00, , , 110.862483879,  22.324123139,  111.259915558,  22.273098772,   199.381127658,      51.266677138,        -41.426,       10.365, 284.050,  42.7031,    *,  1.190414,  4.23780060223676,  7.9172680,    0.7848,
 2026-Jan-15 00:00:00, , , 110.727000048,  22.342177493,  111.124593622,  22.291469121,   201.012084502,      51.090687185,        -15.737,       -0.713, 267.407,  15.7532,    t,  1.191493,  4.23396007441195,  5.0528265,    1.0070,
 2026-Jan-16 00:00:00, , , 110.608891772,  22.361042212,  111.006648347,  22.310611600,   202.607434148,      50.903865385,         66.237,       -8.255,  97.100,  66.7502,    *,  1.189465,  4.24117997557050, -4.7803085,    1.2114,
 2026-Jan-17 00:00:00, , , 110.413934181,  22.388437845,  110.811905687,  22.338477238,   204.303979399,      50.695505496,       -109.473,       16.404, 278.529, 110.6938,    *,  1.189986,  4.23932281872291, 18.1742135,    1.4420,
 2026-Jan-18 00:00:00, , , 110.344774346,  22.398605067,  110.742863395,  22.348814624,   205.803271852,      50.481637750,        131.109,      -21.196,  99.176, 132.8144,    *,  1.188606,  4.24424613243655,-12.1048885,    1.6405,
 2026-Jan-19 00:00:00, , , 110.124656167,  22.430812454,  110.522967666,  22.381566049,   207.510956877,      50.242228623,       -133.268,       22.798, 279.715, 135.2007,    *,  1.187829,  4.24702219717874, 22.3648673,    1.8688,
 2026-Jan-20 00:00:00, , , 110.058344394,  22.438937956,  110.456742683,  22.389865599,   208.980471867,      50.000666763,        110.909,      -20.289, 100.360, 112.7517,    *,  1.187513,  4.24815344470133, -8.4827320,    2.0721,
 2026-Jan-21 00:00:00, , , 109.864509731,  22.468187745,  110.263080861,  22.419603725,   210.621901600,      49.735451715,        -72.503,       14.809, 281.548,  73.9985,    *,  1.185420,  4.25565067197018, 15.7540733,    2.2877,
 2026-Jan-22 00:00:00, , , 109.754442008,  22.481691805,  110.153095771,  22.433391633,   212.126926701,      49.462695545,         18.826,       -6.461, 108.941,  19.9039,    t,  1.185787,  4.25433388782561,  4.4480171,    2.5022,
 2026-Jan-23 00:00:00, , , 109.622735286,  22.501922034,  110.021484180,  22.453955888,   213.650148524,      49.178187536,         34.059,       -2.229,  93.742,  34.1319,    *,  1.183098,  4.26400436743859,  3.1571673,    2.7019,
 2026-Jan-24 00:00:00, , , 109.451929640,  22.524267287,  109.850784516,  22.476725635,   215.211861100,      48.872069340,        -85.202,       11.092, 277.422,  85.9201,    *,  1.183226,  4.26354217203056, 18.9128643,    2.9251,
 2026-Jan-25 00:00:00, , , 109.379682897,  22.534912133,  109.778579021,  22.487546792,   216.621648410,      48.571216146,        118.361,      -17.415,  98.363, 119.6369,    *,  1.180930,  4.27183208292519, -6.7456782,    3.1153,
 2026-Jan-26 00:00:00, ,m, 109.171670584,  22.563535598,  109.570711106,  22.516673093,   218.204165481,      48.235167412,       -134.544,       21.208, 278.966, 136.2028,    *,  1.179953,  4.27536946599176, 26.3579705,    3.3369,
 2026-Jan-27 00:00:00, ,m, 109.119769595,  22.569713556,  109.518856339,  22.522966147,   219.555974366,      47.914580093,        125.869,      -21.120,  99.518, 127.6308,    *,  1.178674,  4.28000848574936, -6.7791297,    3.5285,
 2026-Jan-28 00:00:00, ,m, 108.923737241,  22.597766446,  109.322995444,  22.551487220,   221.090152160,      47.557961324,        -98.472,       17.841, 280.275, 100.0734,    *,  1.176335,  4.28852093615693, 22.8370753,    3.7373,
 2026-Jan-29 00:00:00, ,m, 108.842314388,  22.606836032,  109.241669653,  22.560746263,   222.451968010,      47.210228807,         51.866,      -11.268, 102.254,  53.0764,    *,  1.175937,  4.28997125594922,  3.8032175,    3.9385,
 2026-Jan-30 00:00:00, ,m, 108.701859308,  22.627569675,  109.101370844,  22.581821625,   223.879680149,      46.843596415,         -0.276,        3.447, 355.422,   3.4579,    U,  1.172752,  4.30162275756017, 11.2016378,    4.1295,
 2026-Jan-31 00:00:00, ,m, 108.562552899,  22.644409198,  108.962205880,  22.599009047,   225.288047693,      46.463614795,        -55.249,        5.453, 275.640,  55.5168,    *,  1.172442,  4.30275950576026, 18.7045523,    4.3398,
 2026-Feb-01 00:00:00, ,m, 108.487847139,  22.655430044,  108.887591859,  22.610227329,   226.598315520,      46.091917047,         97.473,      -12.724,  97.432,  98.3008,    *,  1.169369,  4.31406634499620, -0.5810693,    4.5178,
 2026-Feb-02 00:00:00, ,m, 108.301860660,  22.679460509,  108.701745479,  22.634736052,   228.036728473,      45.682616520,       -126.579,       18.282, 278.226, 127.8902,    *,  1.168215,  4.31832790864665, 28.9859457,    4.7279,
 2026-Feb-03 00:00:00, ,m, 108.263418779,  22.684120327,  108.663321999,  22.639512015,   229.270626001,      45.301533573,        131.886,      -20.389,  98.780, 133.4551,    *,  1.166036,  4.32639666917494, -4.2297415,    4.9039,
 2026-Feb-04 00:00:00, ,m, 108.074365716,  22.709810412,  108.474370708,  22.665688967,   230.682230406,      44.874381772,       -117.416,       19.377, 279.378, 119.0020,    *,  1.163564,  4.33558811444656, 28.8546643,    5.1018,
 2026-Feb-05 00:00:00, ,m, 108.022536477,  22.714894424,  108.422531853,  22.670915936,   231.904580169,      44.473221391,         80.914,      -14.869, 100.408,  82.2702,    *,  1.162390,  4.33996716625963,  3.3304050,    5.2856,
 2026-Feb-06 00:00:00, ,m, 107.878741008,  22.735333302,  108.278791142,  22.691719763,   233.229646209,      44.042379264,        -34.210,        8.391, 283.784,  35.2238,    *,  1.158885,  4.35309230637671, 19.0109503,    5.4646,
 2026-Feb-07 00:00:00, ,m, 107.775888122,  22.746669712,  108.175956685,  22.703314017,   234.487416311,      43.612105513,        -21.838,       -0.073, 269.809,  21.8384,    t,  1.158102,  4.35603771241618, 17.7312126,    5.6577,
 2026-Feb-08 00:00:00, , , 107.699576414,  22.757950444,  108.099662509,  22.714782540,   235.701364912,      43.185749940,         70.032,       -7.555,  96.153,  70.4386,    *,  1.154423,  4.36991859070596,  6.1955384,    5.8205,
 2026-Feb-09 00:00:00, , , 107.544024852,  22.776801621,  107.944180505,  22.734015171,   236.995789224,      42.726663545,       -109.969,       14.358, 277.445, 110.9009,    *,  1.153100,  4.37493418073427, 30.2482780,    6.0151,
 2026-Feb-10 00:00:00, , , 107.517327562,  22.780413611,  107.917484632,  22.737688443,   238.123608488,      42.301581850,        128.530,      -18.302,  98.096, 129.8288,    *,  1.150126,  4.38624487942633, -0.7771462,    6.1725,
 2026-Feb-11 00:00:00, , , 107.344262632,  22.802820642,  107.744522561,  22.760521303,   239.412199638,      41.825099705,       -127.950,       19.459, 278.655, 129.4184,    *,  1.147614,  4.39584513014425, 33.5931347,    6.3562,
 2026-Feb-12 00:00:00, , , 107.321220999,  22.804543490,  107.721491592,  22.762300595,   240.510908771,      41.388873879,        103.794,      -17.133,  99.367, 105.1998,    *,  1.145687,  4.40324151980249,  3.2713282,    6.5191,
 2026-Feb-13 00:00:00, , , 107.180304842,  22.823917963,  107.580670017,  22.782029036,   241.736429020,      40.911669717,        -65.220,       12.339, 280.717,  66.3761,    *,  1.142031,  4.41733730545027, 26.2571958,    6.6832,
 2026-Feb-14 00:00:00, , , 107.116756436,  22.830043261,  107.517156095,  22.788321370,   242.858425201,      40.451464370,         12.519,       -5.122, 112.251,  13.5264,    t,  1.140750,  4.42229611189421, 16.2270194,    6.8555,
 2026-Feb-15 00:00:00, , , 107.040514852,  22.841362232,  107.440960018,  22.799844771,   243.985955191,      39.985418714,         38.127,       -2.309,  93.463,  38.1967,    *,  1.136655,  4.43823056548259, 13.3221954,    7.0010,
 2026-Feb-16 00:00:00, , , 106.922235436,  22.854749475,  107.322729946,  22.813545717,   245.147457966,      39.497549635,        -85.981,        9.797, 276.505,  86.5364,    *,  1.135158,  4.44408150225810, 30.1945382,    7.1763,
 2026-Feb-17 00:00:00, , , 106.905449717,  22.857691392,  107.305922666,  22.816551835,   246.186065200,      39.042223124,        116.103,      -15.137,  97.421, 117.0869,    *,  1.131533,  4.45831995446257,  3.5341575,    7.3128,
 2026-Feb-18 00:00:00, , , 106.756916597,  22.876090070,  107.157427291,  22.835342934,   247.359639502,      38.535984946,       -129.330,       18.232, 278.032, 130.6069,    *,  1.129052,  4.46811755971520, 36.8588348,    7.4791,
 2026-Feb-19 00:00:00, , , 106.760464566,  22.875111695,  107.160905781,  22.834375239,   248.355420170,      38.079062474,        118.811,      -18.044,  98.628, 120.1753,    *,  1.126432,  4.47850808924576,  3.8006908,    7.6186,
 2026-Feb-20 00:00:00, , , 106.629179610,  22.892679375,  107.029627997,  22.852283859,   249.489662359,      37.571998277,        -91.010,       15.139, 279.450,  92.2587,    *,  1.122779,  4.49307945398004, 32.5840546,    7.7656,
 2026-Feb-21 00:00:00, , , 106.605583687,  22.894067572,  107.005966571,  22.853737042,   250.495919095,      37.097779110,         45.239,       -9.419, 101.758,  46.2097,    *,  1.121000,  4.50021037206626, 14.4285122,    7.9140,
 2026-Feb-22 00:00:00, , , 106.531846556,  22.905102025,  106.932211979,  22.864954362,   251.549206775,      36.605141659,          4.193,        2.675,  57.467,   4.9733,    U,  1.116683,  4.51760567265225, 20.4607224,    8.0404,
 2026-Feb-23 00:00:00, ,m, 106.455586787,  22.912992489,  106.855941333,  22.873028436,   252.593839794,      36.105508330,        -56.451,        4.944, 275.008,  56.6664,    *,  1.115006,  4.52440013428781, 28.9284331,    8.1936,
 2026-Feb-24 00:00:00, ,m, 106.446894128,  22.915528003,  106.847225361,  22.875577423,   253.560774464,      35.630738180,         95.621,      -11.200,  96.675,  96.2754,    *,  1.110901,  4.54112071199365,  8.5677888,    8.3079,
 2026-Feb-25 00:00:00, ,m, 106.330259674,  22.929398259,  106.730640908,  22.889732332,   254.631084929,      35.111332334,       -121.525,       15.898, 277.460, 122.5581,    *,  1.108498,  4.55096373212807, 38.5187624,    8.4543,
 2026-Feb-26 00:00:00, ,m, 106.356918131,  22.926367682,  106.757278328,  22.886634706,   255.545151115,      34.644068438,        124.894,      -17.676,  98.048, 126.1405,    *,  1.105285,  4.56419460401033,  5.0403301,    8.5687,
 2026-Feb-27 00:00:00, ,m, 106.241928031,  22.941464276,  106.642351506,  22.902025478,   256.598185203,      34.121566310,       -109.698,       16.736, 278.681, 110.9650,    *,  1.101765,  4.57877698073212, 37.6611786,    8.6971,
 2026-Feb-28 00:00:00, ,m, 106.256568243,  22.938727395,  106.656965417,  22.899267066,   257.509871614,      33.644756679,         73.863,      -12.778,  99.811,  74.9607,    *,  1.099509,  4.58817075970951, 12.5960984,    8.8198,
 2026-Mar-01 00:00:00, ,m, 106.188202641,  22.949112789,  106.588612659,  22.909844412,   258.500981110,      33.136814189,        -29.191,        7.127, 283.721,  30.0483,    *,  1.095159,  4.60639389610744, 27.2497191,    8.9265,
 2026-Mar-02 00:00:00, ,m, 106.156102226,  22.951713894,  106.556473875,  22.912549523,   259.446436574,      32.638252033,        -23.651,        0.104, 270.254,  23.6514,    *,  1.093292,  4.61426096686267, 26.6490024,    9.0556,
 2026-Mar-03 00:00:00, ,m, 106.153698876,  22.954031118,  106.554005640,  22.914896005,   260.357977494,      32.152521518,         68.730,       -6.787,  95.636,  69.0645,    *,  1.088890,  4.63291534741114, 14.1418440,    9.1473,
 2026-Mar-04 00:00:00, ,m, 106.074449634,  22.963087908,  106.474712865,  22.924169690,   261.338093885,      31.633243803,       -105.214,       12.684, 276.880, 105.9748,    *,  1.086586,  4.64273705369190, 38.5686013,    9.2724,
 2026-Mar-05 00:00:00, ,m, 106.119660681,  22.958645271,  106.519808022,  22.919627424,   262.190226949,      31.162748748,        121.679,      -16.160,  97.558, 122.7496,    *,  1.082900,  4.65854433230592,  7.1021507,    9.3615,
 2026-Mar-06 00:00:00, ,m, 106.027009971,  22.970733130,  106.427118537,  22.931953461,   263.172192650,      30.636918603,       -119.963,       17.144, 278.140, 121.1802,    *,  1.079605,  4.67276162352173, 41.2706997,    9.4705,
 2026-Mar-07 00:00:00, ,m, 106.076042443,  22.964585486,  106.476036212,  22.925684748,   264.009491446,      30.164962044,         96.259,      -15.089,  98.903,  97.4354,    *,  1.076909,  4.68445722840084, 11.0578716,    9.5667,
 2026-Mar-08 00:00:00, ,m, 106.016329386,  22.973940247,  106.416285999,  22.935186289,   264.948942162,      29.651274327,        -59.504,       10.847, 280.334,  60.4842,    *,  1.072684,  4.70290700151267, 33.3822537,    9.6538,
 2026-Mar-09 00:00:00, , , 106.028093723,  22.971634867,  106.427976101,  22.932847383,   265.812353553,      29.162601597,          9.897,       -4.462, 114.268,  10.8566,    t,  1.070611,  4.71201633379959, 23.6881059,    9.7577,
 2026-Mar-10 00:00:00, , , 106.030784452,  22.973811911,  106.430618513,  22.935014303,   266.682059092,      28.672642241,         37.571,       -2.175,  93.311,  37.6342,    u,  1.066087,  4.73201148691740, 20.0603142,    9.8275,
 2026-Mar-11 00:00:00, , , 105.992654328,  22.977925116,  106.392462575,  22.939221337,   267.584399894,      28.163521971,        -81.737,        8.821, 276.165,  82.2106,    *,  1.063873,  4.74185800307272, 37.1453119,    9.9302,
 2026-Mar-12 00:00:00, , , 106.051772047,  22.972602683,  106.451512692,  22.933754189,   268.391425198,      27.694659124,        109.544,      -13.655,  97.099, 110.3932,    *,  1.059843,  4.75988944356628, 10.0491965,    9.9944,
 2026-Mar-13 00:00:00, , , 105.987074639,  22.981187829,  106.386813899,  22.942508289,   269.311094542,      27.175505288,       -121.148,       16.421, 277.726, 122.2542,    *,  1.056824,  4.77348627527918, 43.2799849,   10.0836,
 2026-Mar-14 00:00:00, , , 106.065506846,  22.972309987,  106.465161254,  22.933447570,   270.091811818,      26.713024934,        110.800,      -16.293,  98.359, 111.9930,    *,  1.053741,  4.78745322341385, 10.1104928,   10.1532,
 2026-Mar-15 00:00:00, , , 106.018502996,  22.980155830,  106.418137437,  22.941428341,   270.987753896,      26.202006168,        -84.490,       13.689, 279.208,  85.5901,    *,  1.049765,  4.80558568605877, 38.5387540,   10.2210,
 2026-Mar-16 00:00:00, , , 106.071998647,  22.973372976,  106.471537465,  22.934532955,   271.784687888,      25.728974700,         41.628,       -8.536, 101.586,  42.4950,    *,  1.047472,  4.81610633775025, 20.3898526,   10.2991,
 2026-Mar-17 00:00:00, , , 106.079745899,  22.975303957,  106.479208230,  22.936466852,   272.623036445,      25.240657063,          4.599,        2.387,  62.569,   5.1815,    U,  1.042988,  4.83680932936587, 26.0198931,   10.3478,
 2026-Mar-18 00:00:00, , , 106.084784499,  22.974412620,  106.484147868,  22.935582883,   273.458868971,      24.748941495,        -52.981,        4.538, 274.898,  53.1742,    *,  1.040838,  4.84680003830235, 34.4287892,   10.4275,
 2026-Mar-19 00:00:00, , , 106.153678073,  22.968571207,  106.552905233,  22.929584786,   274.234520374,      24.285273808,         89.566,      -10.339,  96.579,  90.1617,    *,  1.036605,  4.86659219736824, 13.7995020,   10.4676,
 2026-Mar-20 00:00:00, , , 106.121798274,  22.973173768,  106.520937186,  22.934273953,   275.099245906,      23.780739229,       -113.311,       14.656, 277.376, 114.2530,    *,  1.033881,  4.87941548831016, 43.5939319,   10.5367,
 2026-Mar-21 00:00:00, , , 106.223919035,  22.962168225,  106.622905361,  22.923013141,   275.838748774,      23.330271162,        116.494,      -16.377,  97.995, 117.6411,    *,  1.030482,  4.89550926957744,  9.9487391,   10.5801,
 2026-Mar-22 00:00:00, , , 106.194067382,  22.967943046,  106.592992027,  22.928854645,   276.697189322,      22.829080581,       -102.335,       15.547, 278.644, 103.5073,    *,  1.026846,  4.91284350926384, 42.3931794,   10.6292,
 2026-Mar-23 00:00:00, , , 106.285384584,  22.957141883,  106.684195876,  22.917815320,   277.441665457,      22.374765102,         69.138,      -11.930,  99.786,  70.1611,    *,  1.024334,  4.92489528438242, 17.0877693,   10.6814,
 2026-Mar-24 00:00:00, ,m, 106.299128537,  22.958567219,  106.697896567,  22.919196982,   278.256387679,      21.893194775,        -27.618,        6.670, 283.580,  28.4118,    *,  1.020035,  4.94564978044479, 31.6492165,   10.7102,
 2026-Mar-25 00:00:00, ,m, 106.347348313,  22.952697046,  106.746057695,  22.913202228,   279.036035314,      21.423455518,        -21.234,        0.058, 270.158,  21.2340,    *,  1.017916,  4.95594598326298, 30.6698678,   10.7666,
 2026-Mar-26 00:00:00, ,m, 106.422497769,  22.946557185,  106.821145526,  22.906878648,   279.791319042,      20.967739312,         63.440,       -6.404,  95.761,  63.7625,    *,  1.013623,  4.97693338311107, 18.1695028,   10.7841,
 2026-Mar-27 00:00:00, ,m, 106.426927112,  22.946759961,  106.825539038,  22.907081075,   280.607516762,      20.483715949,        -97.214,       11.960, 277.020,  97.9462,    *,  1.011185,  4.98893388567689, 42.2216264,   10.8333,
 2026-Mar-28 00:00:00, ,m, 106.546522240,  22.934182770,  106.945023901,  22.894223830,   281.319150289,      20.046512435,        113.066,      -15.359,  97.729, 114.1060,    *,  1.007559,  5.00688998071106, 10.6999282,   10.8518,
 2026-Mar-29 00:00:00, ,m, 106.538052994,  22.937307009,  106.936497353,  22.897389528,   282.144645847,      19.561172637,       -111.808,       16.346, 278.324, 112.9950,    *,  1.004318,  5.02304427558598, 44.7008183,   10.8831,
 2026-Mar-30 00:00:00, ,m, 106.661615423,  22.923015752,  107.059907415,  22.882811890,   282.849624146,      19.126787989,         90.380,      -14.479,  99.096,  91.5338,    *,  1.001598,  5.03668504093991, 14.1391254,   10.9101,
 2026-Mar-31 00:00:00, ,m, 106.683005074,  22.923584676,  107.081194300,  22.883345215,   283.646383873,      18.656636839,        -56.600,       10.460, 280.474,  57.5578,    *,  0.997601,  5.05686781731932, 36.5972899,   10.9207,
 2026-Apr-01 00:00:00, ,m, 106.772270713,  22.912894629,  107.170302977,  22.872445734,   284.379730573,      18.211291403,         10.999,       -4.389, 111.755,  11.8426,    t,  0.995474,  5.06767147468324, 26.2374250,   10.9543,
 2026-Apr-02 00:00:00, ,m, 106.850978931,  22.906574978,  107.248868334,  22.865937043,   285.123343717,      17.765994763,         33.330,       -2.057,  93.530,  33.3930,    u,  0.991255,  5.08924011840775, 22.9391085,   10.9512,
 2026-Apr-03 00:00:00, ,m, 106.893589041,  22.902065774,  107.291353863,  22.861322159,   285.896886548,      17.306441899,        -74.265,        8.470, 276.511,  74.7462,    *,  0.989067,  5.10049719603561, 39.3353629,   10.9810,
 2026-Apr-04 00:00:00, ,m, 107.024545921,  22.888431544,  107.422151881,  22.847359312,   286.592017224,      16.883073053,        100.971,      -13.286,  97.490, 101.8431,    *,  0.985307,  5.11996186853975, 12.4472174,   10.9764,
 2026-Apr-05 00:00:00, ,m, 107.041328503,  22.888326146,  107.438850882,  22.847205253,   287.387846284,      16.418361492,       -112.356,       16.037, 278.130, 113.4930,    *,  0.982478,  5.13470405448109, 45.3519969,   10.9909,
 2026-Apr-06 00:00:00, ,m, 107.190623007,  22.871117614,  107.587997403,  22.829620070,   288.065007570,      16.003848427,        103.822,      -16.037,  98.775, 105.0548,    *,  0.979573,  5.14993188994888, 11.9040718,   10.9940,
 2026-Apr-07 00:00:00, , , 107.222201718,  22.870365714,  107.619510978,  22.828784379,   288.847338374,      15.549372174,        -80.162,       13.550, 279.599,  81.2982,    *,  0.975958,  5.16901062334082, 40.5558719,   10.9882,
 2026-Apr-08 00:00:00, , , 107.348795164,  22.855106877,  107.745984778,  22.813210251,   289.543598612,      15.129199700,         41.201,       -8.566, 101.743,  42.0822,    *,  0.973784,  5.18054732188928, 21.5649999,   10.9995,
 2026-Apr-09 00:00:00, , , 107.429774504,  22.848562326,  107.826882473,  22.806467923,   290.281728013,      14.696915567,          1.685,        2.473,  34.266,   2.9925,    O,  0.969755,  5.20207334908378, 27.8206511,   10.9780,
 2026-Apr-10 00:00:00, , , 107.511061763,  22.839090240,  107.908078157,  22.796802113,   291.017931772,      14.264268631,        -46.392,        4.353, 275.363,  46.5957,    *,  0.967764,  5.21277672020868, 35.2035456,   10.9888,
 2026-Apr-11 00:00:00, , , 107.648194540,  22.824791982,  108.045087355,  22.782177664,   291.705768483,      13.855414465,         81.354,      -10.247,  97.174,  81.9974,    *,  0.963967,  5.23330736413817, 15.1440926,   10.9630,
 2026-Apr-12 00:00:00, , , 107.693718759,  22.820839698,  108.090527511,  22.778128790,   292.474175497,      13.415140925,       -104.133,       14.605, 277.990, 105.1510,    *,  0.961534,  5.24655011233746, 44.3114765,   10.9617,
 2026-Apr-13 00:00:00, , , 107.862051109,  22.801263386,  108.258690963,  22.758155735,   293.133893432,      13.020048485,        108.578,      -16.482,  98.625, 109.8242,    *,  0.958480,  5.26326503975927, 10.6342519,   10.9422,
 2026-Apr-14 00:00:00, , , 107.907190694,  22.798577709,  108.303723625,  22.755376238,   293.903548424,      12.585242611,        -96.582,       15.741, 279.262,  97.8545,    *,  0.955296,  5.28080823353573, 43.2180362,   10.9216,
 2026-Apr-15 00:00:00, , , 108.066213608,  22.779060503,  108.462554739,  22.735481536,   294.571442227,      12.189990721,         67.050,      -12.223, 100.327,  68.1561,    *,  0.953047,  5.29326857304543, 17.0549538,   10.9112,
 2026-Apr-16 00:00:00, , , 108.149682403,  22.772048515,  108.545879477,  22.728271640,   295.308022564,      11.773534427,        -28.958,        6.930, 283.459,  29.7752,    *,  0.949306,  5.31412909395099, 32.4332152,   10.8733,
 2026-Apr-17 00:00:00, , , 108.268701748,  22.757431407,  108.664729204,  22.713360859,   296.011997315,      11.368834921,        -15.884,       -0.178, 269.359,  15.8851,    t,  0.947452,  5.32452639531214, 30.1393647,   10.8656,
 2026-Apr-18 00:00:00, , , 108.408050380,  22.742714044,  108.803917586,  22.698292398,   296.699683207,      10.975417941,         55.945,       -6.383,  96.505,  56.3084,    *,  0.943720,  5.34558494589898, 18.5909658,   10.8207,
 2026-Apr-19 00:00:00, , , 108.484995912,  22.734295220,  108.880756860,  22.689670068,   297.442336325,      10.562154404,        -87.990,       12.082, 277.824,  88.8142,    *,  0.941646,  5.35736039603256, 41.6183370,   10.8043,
 2026-Apr-20 00:00:00, , , 108.665827930,  22.712873663,  109.061444110,  22.667790168,   298.093722331,      10.185863584,        104.472,      -15.734,  98.559, 105.6517,    *,  0.938497,  5.37533187016987, 10.4469626,   10.7637,
 2026-Apr-21 00:00:00,A,m, 108.728193590,  22.707537463,  109.123756077,  22.662289727,   298.851157950,       9.774088151,       -104.737,       16.857, 279.149, 106.0832,    *,  0.935767,  5.39101523876732, 44.3181980,   10.7296,
 2026-Apr-22 00:00:00,A,m, 108.913686275,  22.684166951,  109.309121405,  22.638461410,   299.499123654,       9.402769234,         86.601,      -15.105,  99.889,  87.9100,    *,  0.933431,  5.40450580219699, 13.0623923,   10.6985,
 2026-Apr-23 00:00:00,A,m, 109.000992547,  22.676288218,  109.396363691,  22.630373643,   300.236284927,       9.005025127,        -56.190,       11.031, 281.110,  57.2616,    *,  0.930059,  5.42410466141363, 36.3616264,   10.6465,
 2026-Apr-24 00:00:00,A,m, 109.155087012,  22.656491302,  109.550330872,  22.610211766,   300.913468924,       8.628198964,         14.787,       -4.864, 108.208,  15.5664,    t,  0.928286,  5.43445999512440, 24.5143205,   10.6208,
 2026-Apr-25 00:00:00,A,m, 109.293823041,  22.641489681,  109.688939116,  22.594887599,   301.606476805,       8.251608079,         26.916,       -1.893,  94.020,  26.9828,    u,  0.924717,  5.45543872335563, 22.4923891,   10.5592,
 2026-Apr-26 00:00:00,A,m, 109.403451190,  22.628088736,  109.798433294,  22.581236062,   302.325272220,       7.866839764,        -65.393,        8.561, 277.463,  65.9509,    *,  0.922948,  5.46589089295645, 37.4439067,   10.5284,
 2026-Apr-27 00:00:00,A,m, 109.590533988,  22.605363330,  109.985321882,  22.558069828,   302.976519237,       7.509066645,         92.044,      -13.767,  98.501,  93.0688,    *,  0.919771,  5.48477087935866, 11.3736051,   10.4688,
 2026-Apr-28 00:00:00,A,m, 109.673426442,  22.596656243,  110.068077593,  22.549171156,   303.721695371,       7.123016754,       -104.185,       16.756, 279.143, 105.5217,    *,  0.917489,  5.49841569363480, 43.7327663,   10.4227,
 2026-Apr-29 00:00:00,A,m, 109.878574926,  22.569990219,  110.273005531,  22.522011048,   304.358168278,       6.774424216,         98.444,      -16.969,  99.774,  99.8975,    *,  0.915068,  5.51296010431949,  9.9406082,   10.3724,
 2026-Apr-30 00:00:00,A,m, 109.971864493,  22.560744162,  110.366157085,  22.512537167,   305.096684236,       6.398203353,        -77.912,       14.480, 280.533,  79.2453,    *,  0.912117,  5.53079959108064, 39.2721900,   10.3083,
 2026-May-01 00:00:00,A,m, 110.156810485,  22.535939066,  110.550906779,  22.487277210,   305.753022194,       6.048353186,         43.176,       -9.401, 102.281,  44.1881,    *,  0.910373,  5.54139337835626, 18.8017659,   10.2656,
 2026-May-02 00:00:00,A,m, 110.293462122,  22.520668435,  110.687414076,  22.471666113,   306.455060004,       5.690363609,         -3.300,        2.959, 311.877,   4.4324,    O,  0.907051,  5.56168747977082, 26.5385590,   10.1898,
 2026-May-03 00:00:00,A,m, 110.435661213,  22.501910997,  110.829470747,  22.452553647,   307.152180484,       5.334501482,        -38.302,        4.211, 276.276,  38.5322,    *,  0.905522,  5.57108287281605, 32.1214595,   10.1453,
 2026-May-04 00:00:00,A,m, 110.623750892,  22.478378748,  111.017404042,  22.428556942,   307.810038603,       4.995462282,         72.501,      -10.629,  98.336,  73.2769,    *,  0.902385,  5.59044526082221, 13.3638224,   10.0690,
 2026-May-05 00:00:00,A, , 110.730125135,  22.465570625,  111.123683145,  22.415484578,   308.542370366,       4.637049395,        -95.186,       15.356, 279.170,  96.4149,    *,  0.900517,  5.60204377053541, 41.4807905,   10.0121,
 2026-May-06 00:00:00,A, , 110.948140175,  22.436239101,  111.341530808,  22.385624051,   309.175180638,       4.310219290,        101.809,      -17.603,  99.804, 103.3213,    *,  0.898028,  5.61757302525349,  7.9619449,    9.9441,
 2026-May-07 00:00:00,A, , 111.050477443,  22.424967815,  111.443783625,  22.374107745,   309.914342530,       3.958219135,        -92.515,       16.980, 280.406,  94.0589,    *,  0.895523,  5.63328573462368, 40.8771962,    9.8697,
 2026-May-08 00:00:00,A, , 111.261131159,  22.395474384,  111.654267144,  22.344113731,   310.555966357,       3.634223295,         67.056,      -13.451, 101.338,  68.3928,    *,  0.893765,  5.64436631385576, 13.4493367,    9.8107,
 2026-May-09 00:00:00,A, , 111.395890156,  22.379739810,  111.788907481,  22.328065939,   311.268795835,       3.297148343,        -32.226,        7.845, 283.684,  33.1672,    *,  0.890762,  5.66339483595456, 30.3367285,    9.7229,
 2026-May-10 00:00:00,N, , 111.569344969,  22.355376994,  111.962197154,  22.303299993,   311.946825673,       2.969979244,         -9.000,       -0.720, 265.430,   9.0291,    t,  0.889400,  5.67206470203578, 26.0246273,    9.6654,
 2026-May-11 00:00:00,N, , 111.754655685,  22.331398908,  112.147327723,  22.278891831,   312.616404702,       2.650688768,         47.606,       -6.460,  97.725,  48.0425,    *,  0.886379,  5.69139922535069, 16.1979276,    9.5743,
 2026-May-12 00:00:00,N, , 111.886847927,  22.313767169,  112.279361673,  22.260955641,   313.335186302,       2.321112776,        -78.676,       12.654, 279.141,  79.6863,    *,  0.884874,  5.70107813375353, 37.6546381,    9.5075,
 2026-May-13 00:00:00,N, , 112.111401504,  22.282416384,  112.503684352,  22.229075281,   313.971412271,       2.015624548,         96.627,      -16.861,  99.893,  98.0882,    *,  0.882349,  5.71739321701854,  7.2366583,    9.4232,
 2026-May-14 00:00:00,N, , 112.226325321,  22.268325568,  112.618458242,  22.214710110,   314.709466738,       1.690121069,        -98.992,       18.269, 280.462, 100.6614,    *,  0.880294,  5.73073980072687, 40.9334399,    9.3400,
 2026-May-15 00:00:00,N, , 112.456839140,  22.234613363,  112.848742819,  22.180439828,   315.342697664,       1.390801755,         84.605,      -16.665, 101.138,  86.2317,    *,  0.878496,  5.74246592962682,  8.8288868,    9.2655,
 2026-May-16 00:00:00,N, , 112.591262853,  22.218009141,  112.983033027,  22.163499951,   316.066341606,       1.077035854,        -57.530,       12.395, 282.162,  58.8498,    *,  0.875869,  5.75969244755596, 33.4550045,    9.1677,
 2026-May-17 00:00:00,N, , 112.793317995,  22.187974133,  113.184920941,  22.132964906,   316.728495427,       0.777706090,         20.090,       -5.901, 106.369,  20.9390,    *,  0.874611,  5.76797734648587, 19.5585773,    9.0975,
 2026-May-18 00:00:00,N, , 112.973524024,  22.163753988,  113.365004726,  22.108298765,   317.413200677,       0.479685811,         19.530,       -1.501,  94.393,  19.5872,    u,  0.871780,  5.78670732897356, 19.5329997,    8.9939,
 2026-May-19 00:00:00,N, , 113.132784290,  22.140671356,  113.524165703,  22.084826239,   318.118054215,       0.179281850,        -56.179,        8.750, 278.856,  56.8556,    *,  0.870578,  5.79469732610631, 32.4491089,    8.9176,
 2026-May-20 00:00:00,N,m, 113.358218480,  22.107950224,  113.749453380,  22.051567872,   318.763870103,      -0.104670348,         83.527,      -14.684,  99.966,  84.8087,    *,  0.868066,  5.81146300613744,  7.7328398,    8.8188,
 2026-May-21 00:00:00,N,m, 113.489129483,  22.090194906,  113.880278190,  22.033508157,   319.498572482,      -0.402000204,        -97.016,       18.142, 280.598,  98.6957,    *,  0.866445,  5.82233849068513, 39.3006641,    8.7281,
 2026-May-22 00:00:00,N,m, 113.733115140,  22.052912795,  114.124069127,  21.995661037,   320.129943536,      -0.677472606,         94.540,      -18.717, 101.193,  96.3764,    *,  0.864602,  5.83474794558014,  5.2351192,    8.6392,
 2026-May-23 00:00:00,N,m, 113.869627716,  22.034880536,  114.260455408,  21.977320737,   320.863163265,      -0.965545643,        -77.225,       16.217, 281.864,  78.9077,    *,  0.862390,  5.84971792295150, 35.4974308,    8.5333,
 2026-May-24 00:00:00,N,m, 114.096178810,  21.999376670,  114.486786391,  21.941296025,   321.513640645,      -1.238036849,         46.604,      -10.943, 103.211,  47.8718,    *,  0.861180,  5.85793119380842, 13.1649290,    8.4511,
 2026-May-25 00:00:00,N,m, 114.270226073,  21.974985103,  114.660651157,  21.916504410,   322.215419268,      -1.512727991,         -9.337,        3.915, 292.749,  10.1248,    O,  0.858611,  5.87546249547727, 22.9767476,    8.3372,
 2026-May-26 00:00:00,N,m, 114.456305901,  21.946044310,  114.846528796,  21.887130483,   322.906901793,      -1.784220400,        -29.676,        3.856, 277.405,  29.9252,    *,  0.857644,  5.88208575835649, 26.1999181,    8.2522,
 2026-May-27 00:00:00,N,m, 114.677793142,  21.912606000,  115.067792633,  21.853171229,   323.567538696,      -2.045713675,         63.774,      -11.128,  99.894,  64.7387,    *,  0.855204,  5.89886931046368,  9.3333774,    8.1408,
 2026-May-28 00:00:00,N,m, 114.827447371,  21.890398029,  115.217287090,  21.830606049,   324.296719517,      -2.313911850,        -86.956,       16.489, 280.742,  88.5045,    *,  0.853978,  5.90733307402776, 36.0199580,    8.0438,
 2026-May-29 00:00:00,N,m, 115.078362228,  21.850370258,  115.467970265,  21.789981277,   324.932724670,      -2.565875311,         96.221,      -19.336, 101.357,  98.1468,    *,  0.852100,  5.92035807803289,  2.9173385,    7.9418,
 2026-May-30 00:00:00,N,m, 115.219980812,  21.830232578,  115.609462343,  21.769500540,   325.673216249,      -2.826282143,        -89.816,       18.932, 281.908,  91.7883,    *,  0.850318,  5.93276422640525, 36.1962273,    7.8297,
 2026-May-31 00:00:00,N,m, 115.465878893,  21.789733774,  115.855154204,  21.728416248,   326.316901460,      -3.072932823,         68.428,      -15.413, 102.690,  70.1432,    *,  0.849113,  5.94118490086502,  7.3228013,    7.7362,
 2026-Jun-01 00:00:00,N,m, 115.634169252,  21.765045171,  116.023318496,  21.703325588,   327.035929012,      -3.322062207,        -36.579,        9.372, 284.373,  37.7606,    *,  0.846862,  5.95697592414969, 26.1430955,    7.6141,
 2026-Jun-02 00:00:00,N,m, 115.845564137,  21.730061333,  116.234550079,  21.667843575,   327.715353348,      -3.565340951,         -1.435,       -1.708, 220.039,   2.2306,    t,  0.846059,  5.96262936100258, 19.3521007,    7.5210,
 2026-Jun-03 00:00:00,N,m, 116.059718733,  21.696431346,  116.448545356,  21.633714522,   328.394425303,      -3.802757007,         39.162,       -6.372,  99.239,  39.6770,    *,  0.843751,  5.97893919210954, 11.8134126,    7.3989,
 2026-Jun-04 00:00:00,N,m, 116.230258784,  21.669030439,  116.618955686,  21.605921018,   329.115993819,      -4.041452697,        -69.831,       13.317, 280.801,  71.0883,    *,  0.842868,  5.98520508785860, 31.2590152,    7.2964,
 2026-Jun-05 00:00:00,N,m, 116.482173967,  21.627119097,  116.870664563,  21.563434406,   329.762388718,      -4.269410346,         89.695,      -18.346, 101.555,  91.5533,    *,  0.840977,  5.99865979102885,  1.9793871,    7.1826,
 2026-Jun-06 00:00:00,N,m, 116.632433912,  21.604043039,  117.020796150,  21.540021860,   330.506874195,      -4.500559480,        -94.425,       20.215, 282.089,  96.5626,    *,  0.839621,  6.00834745226818, 35.3525156,    7.0657,
 2026-Jun-07 00:00:00,N,m, 116.892057658,  21.559212175,  117.280180145,  21.494605012,   331.148939622,      -4.721864832,         83.866,      -18.884, 102.685,  85.9671,    *,  0.838391,  6.01716350662941,  2.4130816,    6.9615,
 2026-Jun-08 00:00:00,N,m, 117.056440142,  21.533835040,  117.444399592,  21.468861242,   331.883627234,      -4.943146592,        -59.963,       14.406, 283.512,  61.6683,    *,  0.836504,  6.03073914018671, 28.6012942,    6.8331,
 2026-Jun-09 00:00:00,N,m, 117.290521463,  21.492846673,  117.678241425,  21.427343731,   332.553113454,      -5.159015193,         26.176,       -7.524, 106.035,  27.2362,    *,  0.835799,  6.03582206983477, 12.3440801,    6.7320,
 2026-Jun-10 00:00:00,N,m, 117.495556343,  21.459336723,  117.883065430,  21.393366576,   333.252438084,      -5.370265834,         11.846,       -0.727,  93.511,  11.8685,    U,  0.833687,  6.05111274815718, 14.7984757,    6.6011,
 2026-Jun-11 00:00:00,N,m, 117.688191418,  21.426114696,  118.075500980,  21.359698927,   333.964794747,      -5.579722228,        -47.216,        8.769, 280.523,  48.0226,    *,  0.833084,  6.05549527327490, 25.2571494,    6.4936,
 2026-Jun-12 00:00:00,N,m, 117.936056532,  21.383153172,  118.323133511,  21.316159080,   334.626305925,      -5.782542831,         75.676,      -15.695, 101.712,  77.2877,    *,  0.831222,  6.06905636694857,  2.3453422,    6.3693,
 2026-Jun-13 00:00:00,N,m, 118.098453476,  21.356228191,  118.485395833,  21.288845239,   335.371056288,      -5.983614921,        -90.844,       19.835, 282.322,  92.9821,    *,  0.830271,  6.07600856794443, 32.8532221,    6.2487,
 2026-Jun-14 00:00:00,N, , 118.365895691,  21.307908377,  118.752628746,  21.239896720,   336.016767737,      -6.179612011,         91.773,      -20.968, 102.864,  94.1397,    *,  0.829007,  6.08527158204711, -1.3043798,    6.1343,
 2026-Jun-15 00:00:00,N, , 118.529170723,  21.281231624,  118.915812220,  21.212831480,   336.764132588,      -6.371199565,        -77.614,       18.540, 283.439,  79.7965,    *,  0.827515,  6.09624355794373, 29.9424534,    6.0013,
 2026-Jun-16 00:00:00,N, , 118.782096923,  21.234568369,  119.168565548,  21.165584903,   337.426726327,      -6.560419545,         50.885,      -13.108, 104.442,  52.5464,    *,  0.826856,  6.10110264316211,  5.6045043,    5.8926,
 2026-Jun-17 00:00:00,N, , 118.977595066,  21.201279149,  119.363943448,  21.131852456,   338.146423602,      -6.743247654,        -15.826,        5.385, 288.793,  16.7167,    *,  0.825003,  6.11480816053691, 17.8400970,    5.7547,
 2026-Jun-18 00:00:00,N, , 119.192168989,  21.161848892,  119.578356840,  21.091944860,   338.848955175,      -6.924107577,        -21.106,        3.127, 278.429,  21.3363,    *,  0.824615,  6.11768486285426, 18.3525994,    5.6426,
 2026-Jun-19 00:00:00,N, , 119.431857679,  21.118627610,  119.817843628,  21.048195715,   339.529175686,      -7.099965382,         55.490,      -11.478, 101.684,  56.6652,    *,  0.822836,  6.13091309701282,  3.8148145,    5.5094,
 2026-Jun-20 00:00:00,N, , 119.609209183,  21.087008838,  119.995030555,  21.016190792,   340.270720933,      -7.270715571,        -79.544,       17.687, 282.541,  81.4857,    *,  0.822254,  6.13525335963419, 28.7375676,    5.3860,
 2026-Jun-21 00:00:00,N, , 119.878437731,  21.036233972,  120.263992648,  20.964822345,   340.925325078,      -7.440620694,         91.642,      -21.366, 103.119,  94.1013,    *,  0.820966,  6.14487730101679, -3.6583215,    5.2626,
 2026-Jun-22 00:00:00,N, , 120.043799267,  21.007526704,  120.429183538,  20.935750030,   341.681596487,      -7.601114829,        -88.166,       21.335, 283.608,  90.7090,    *,  0.819883,  6.15299111842521, 29.8787036,    5.1265,
 2026-Jun-23 00:00:00,N, , 120.310595499,  20.955868537,  120.695707784,  20.883495798,   342.341314899,      -7.763988042,         70.694,      -17.947, 104.241,  72.9377,    *,  0.819229,  6.15790459088920, -0.4243461,    5.0107,
 2026-Jun-24 00:00:00,N, , 120.497309534,  20.922707017,  120.882239278,  20.849912304,   343.080004159,      -7.916210845,        -41.516,       11.456, 285.428,  43.0672,    *,  0.817688,  6.16950975912051, 20.5172172,    4.8679,
 2026-Jun-25 00:00:00,N, , 120.732203116,  20.877014753,  121.116908074,  20.803687639,   343.773311530,      -8.069288171,          6.252,       -3.197, 117.081,   7.0219,    t,  0.817450,  6.17131136751842, 11.0093406,    4.7516,
 2026-Jun-26 00:00:00,N, , 120.960773792,  20.834216418,  121.345276624,  20.760369455,   344.474384336,      -8.216001305,         30.948,       -5.946, 100.874,  31.5142,    *,  0.815810,  6.18371451020134,  6.1258820,    4.6112,
 2026-Jun-27 00:00:00,N, , 121.155015267,  20.797200074,  121.539358363,  20.722909215,   345.209783728,      -8.356865490,        -61.626,       13.821, 282.644,  63.1565,    *,  0.815545,  6.18572057548878, 23.2285471,    4.4859,
 2026-Jun-28 00:00:00,N, , 121.420462693,  20.745086826,  121.804586055,  20.670197252,   345.877842791,      -8.499274708,         83.630,      -19.907, 103.385,  85.9681,    *,  0.814257,  6.19550803370709, -4.5684943,    4.3546,
 2026-Jun-29 00:00:00,N,m, 121.591371740,  20.713503407,  121.975377081,  20.638226912,   346.638569230,      -8.628035761,        -90.866,       22.432, 283.872,  93.5916,    *,  0.813578,  6.20068145109111, 28.2664440,    4.2170,
 2026-Jun-30 00:00:00,N,m, 121.866550387,  20.657784997,  122.250331930,  20.581897779,   347.299737928,      -8.764296645,         84.040,      -21.550, 104.377,  86.7605,    *,  0.812901,  6.20584014602023, -5.3547066,    4.0946,
 2026-Jul-01 00:00:00,N,m, 122.046515408,  20.624378564,  122.430170881,  20.548095108,   348.054351547,      -8.884103807,        -63.091,       16.935, 285.028,  65.3236,    *,  0.811713,  6.21492629494578, 22.4287452,    3.9485,
 2026-Jul-02 00:00:00,N,m, 122.299000936,  20.572662028,  122.682444404,  20.495829587,   348.739928650,      -9.010019313,         32.549,       -9.691, 106.579,  33.9615,    *,  0.811561,  6.21608865382184,  3.7105536,    3.8283,
 2026-Jul-03 00:00:00,N,m, 122.515073297,  20.530713171,  122.898336090,  20.453416388,   349.462101341,      -9.125186119,          4.194,        0.506,  83.121,   4.2247,    U,  0.810120,  6.22714893165605,  8.9029195,    3.6824,
 2026-Jul-04 00:00:00,N,m, 122.727227145,  20.487750698,  123.110296796,  20.410001534,   350.189080881,      -9.236926757,        -38.714,        8.450, 282.315,  39.6249,    *,  0.810112,  6.22720641913763, 16.6336135,    3.5557,
 2026-Jul-05 00:00:00,N,m, 122.984296993,  20.435349826,  123.367117192,  20.357052492,   350.873941798,      -9.349780752,         68.543,      -16.575, 103.590,  70.5195,    *,  0.808861,  6.23683972512843, -4.1311277,    3.4177,
 2026-Jul-06 00:00:00,N,m, 123.164188226,  20.399962663,  123.546828885,  20.321283194,   351.634409532,      -9.446868819,        -85.621,       21.600, 284.163,  88.3020,    *,  0.808562,  6.23914346129114, 25.0540407,    3.2794,
 2026-Jul-07 00:00:00,N,m, 123.442160746,  20.341287493,  123.824513421,  20.262010911,   352.301281947,      -9.555570182,         89.915,      -23.496, 104.639,  92.9363,    *,  0.807855,  6.24460493321736, -8.9423961,    3.1509,
 2026-Jul-08 00:00:00,N,m, 123.618401710,  20.306987681,  124.000578331,  20.227327807,   353.067439628,      -9.641856265,        -78.792,       21.277, 285.116,  81.6126,    *,  0.807046,  6.25086099952193, 23.1950713,    3.0031,
 2026-Jul-09 00:00:00,N,m, 123.884757783,  20.249785367,  124.266669269,  20.169542492,   353.747629036,      -9.740949775,         55.605,      -15.785, 105.845,  57.8028,    *,  0.806930,  6.25175976297043, -3.1063668,    2.8791,
 2026-Jul-10 00:00:00,N,m, 124.088432487,  20.208810945,  124.470166913,  20.128113910,   354.489334868,      -9.822499966,        -22.473,        7.361, 288.138,  23.6481,    *,  0.805745,  6.26095621259027, 11.6836658,    2.7294,
 2026-Jul-11 00:00:00,N,m, 124.318353802,  20.159600575,  124.699900111,  20.078390126,   355.206624939,      -9.906200374,        -12.812,        1.946, 278.635,  12.9592,    t,  0.805932,  6.25950166522899,  9.3199889,    2.6014,
 2026-Jul-12 00:00:00,N,m, 124.563571468,  20.107828113,  124.944936412,  20.026072784,   355.910201317,      -9.987230451,         47.758,      -11.531, 103.572,  49.1305,    *,  0.804769,  6.26855002403830, -2.6003853,    2.4579,
 2026-Jul-13 00:00:00,N,m, 124.755335410,  20.067752651,  125.136587161,  19.985571394,   356.666022473,     -10.053480965,        -73.003,       18.771, 284.424,  75.3763,    *,  0.804816,  6.26818282358111, 20.3028921,    2.3198,
 2026-Jul-14 00:00:00,N, , 125.030619846,  20.007357425,  125.411668787,  19.924582401,   357.342484883,     -10.133066141,         87.939,      -23.484, 104.947,  91.0221,    *,  0.804089,  6.27384838828346,-11.0897501,    2.1860,
 2026-Jul-15 00:00:00,N, , 125.206597726,  19.971342137,  125.587541604,  19.888193269,   358.115086980,     -10.185537375,        -87.375,       24.004, 285.366,  90.6108,    *,  0.803675,  6.27708488952963, 22.5173510,    2.0379,
 2026-Jul-16 00:00:00,N, , 125.482128298,  19.909541600,  125.862835595,  19.825817372,   358.793016934,     -10.257515621,         73.535,      -20.897, 105.860,  76.4484,    *,  0.803559,  6.27799027774081, -9.0610513,    1.9105,
 2026-Jul-17 00:00:00,N, , 125.674618913,  19.869412354,  126.055162962,  19.785292083,   359.551248987,     -10.303786680,        -46.798,       14.024, 286.685,  48.8537,    *,  0.802683,  6.28483932555237, 13.9964037,    1.7586,
 2026-Jul-18 00:00:00,N, , 125.920684721,  19.814038524,  126.300985221,  19.729410410,     0.258933454,     -10.360283036,         13.855,       -5.186, 110.521,  14.7937,    t,  0.803005,  6.28232029964074,  1.7243691,    1.6299,
 2026-Jul-19 00:00:00,N, , 126.151618852,  19.763673695,  126.531686611,  19.678566974,     0.981772388,     -10.407028034,         23.104,       -5.109, 102.468,  23.6621,    *,  0.801988,  6.29028448308914, -0.3138267,    1.4825,
 2026-Jul-20 00:00:00,N, , 126.357044472,  19.718248035,  126.736903784,  19.632711493,     1.729569925,     -10.443623349,        -54.184,       14.058, 284.547,  55.9769,    *,  0.802335,  6.28756921226475, 14.2441466,    1.3456,
 2026-Jul-21 00:00:00,N, , 126.624429509,  19.657482324,  127.004017901,  19.571382801,     2.418974048,     -10.491902292,         78.380,      -21.374, 105.250,  81.2435,    *,  0.801615,  6.29321325253812,-11.7853927,    1.2076,
 2026-Jul-22 00:00:00,N, , 126.803518005,  19.618889092,  127.182944770,  19.532405714,     3.192891229,     -10.511067146,        -88.208,       24.749, 285.678,  91.6124,    *,  0.801591,  6.29340700363273, 20.2797437,    1.0608,
 2026-Jul-23 00:00:00,N, , 127.082809721,  19.553719752,  127.461972669,  19.466643293,     3.872229937,     -10.554965824,         84.907,      -24.495, 106.088,  88.3710,    *,  0.801453,  6.29449062044922,-13.7922324,    0.9309,
 2026-Jul-24 00:00:00,N, , 127.266261967,  19.514066386,  127.645285358,  19.426593817,     4.642849591,     -10.565120296,        -66.741,       19.869, 286.582,  69.6346,    *,  0.800927,  6.29862330968538, 15.4673825,    0.7792,
 2026-Jul-25 00:00:00,N, , 127.525564906,  19.453015277,  127.904370926,  19.364992321,     5.342204314,     -10.594954392,         39.038,      -12.342, 107.542,  40.9432,    *,  0.801325,  6.29549001696436, -5.6392530,    0.6509,
 2026-Jul-26 00:00:00,N, , 127.741127668,  19.404581702,  128.119780514,  19.316101795,     6.083216604,     -10.605336190,         -3.287,        2.202, 303.819,   3.9567,    U,  0.800513,  6.30187526019828,  2.3628277,    0.5027,
 2026-Jul-27 00:00:00,N, , 127.960962099,  19.353386039,  128.339464078,  19.264447205,     6.820606012,     -10.613744867,        -30.829,        7.758, 284.127,  31.7899,    *,  0.801101,  6.29725073447865,  7.2551848,    0.3701,
 2026-Jul-28 00:00:00,N,m, 128.216166003,  19.293515932,  128.594492643,  19.204061748,     7.525021649,     -10.628258584,         62.125,      -17.213, 105.483,  64.4661,    *,  0.800427,  6.30255286671576,-11.1367190,    0.2355,
 2026-Jul-29 00:00:00,N,m, 128.401625710,  19.251431590,  128.779875575,  19.161698152,     8.295141804,     -10.615292398,        -81.310,       23.331, 286.015,  84.5896,    *,  0.800771,  6.29985096388141, 16.5032804,    0.1161,
 2026-Jul-30 00:00:00,N,m, 128.679246754,  19.184285534,  129.057028930,  19.094049808,     8.979519707,     -10.629379824,         88.852,      -26.122, 106.379,  92.6144,    *,  0.800604,  6.30116205094881,-17.0702633,    0.1094,
 2026-Jul-31 00:00:00,N,m, 128.856744648,  19.144434915,  129.234376358,  19.053725619,     9.757384500,     -10.603586323,        -80.653,       24.299, 286.771,  84.2324,    *,  0.800454,  6.30234015026334, 15.7633181,    0.2314,
 2026-Aug-01 00:00:00,N,m, 129.125496209,  19.078512736,  129.502882709,  18.987242089,    10.450441254,     -10.606706592,         60.639,      -18.873, 107.285,  63.5084,    *,  0.800881,  6.29898056479299,-12.3256451,    0.3540,
 2026-Aug-02 00:00:00,N,m, 129.326076520,  19.032166529,  129.703282272,  18.940486784,    11.206902538,     -10.579268046,        -29.168,        9.795, 288.564,  30.7687,    *,  0.800331,  6.30331258367841,  4.9759262,    0.5017,
 2026-Aug-03 00:00:00,A,m, 129.559974352,  18.975058638,  129.936945819,  18.882906653,    11.932672366,     -10.560910761,         -4.960,        0.340, 273.917,   4.9713,    t,  0.801100,  6.29726328531599, -0.2572058,    0.6335,
 2026-Aug-04 00:00:00,A,m, 129.799903675,  18.917143498,  130.176634258,  18.824505176,    12.652838995,     -10.539317047,         40.609,      -11.232, 105.459,  42.1345,    *,  0.800522,  6.30180764669979, -9.4217438,    0.7761,
 2026-Aug-05 00:00:00,A,m, 129.994479295,  18.870708319,  130.371027198,  18.777668864,    13.414892345,     -10.496353414,        -67.338,       19.660, 286.279,  70.1478,    *,  0.801198,  6.29648648343936, 11.3046160,    0.9176,
 2026-Aug-06 00:00:00,A,m, 130.265247739,  18.803059170,  130.641536918,  18.709463206,    14.106856272,     -10.478730774,         85.065,      -25.572, 106.727,  88.8275,    *,  0.801016,  6.29792407016150,-18.8329876,    1.0517,
 2026-Aug-07 00:00:00,A,m, 130.440334571,  18.762127723,  130.816497227,  18.668160024,    14.886438727,     -10.417925818,        -87.411,       26.830, 287.068,  91.4345,    *,  0.801255,  6.29604144985871, 14.6277743,    1.2009,
 2026-Aug-08 00:00:00,A,m, 130.713964986,  18.692466918,  131.089900988,  18.597933359,    15.575926996,     -10.393654561,         76.883,      -24.150, 107.434,  80.5881,    *,  0.801677,  6.29273064400066,-17.9768293,    1.3300,
 2026-Aug-09 00:00:00,A,m, 130.901135005,  18.648024330,  131.276963803,  18.553097282,    16.343942993,     -10.327918671,        -52.351,       16.994, 287.987,  55.0399,    *,  0.801440,  6.29458575789617,  7.0579894,    1.4804,
 2026-Aug-10 00:00:00,A,m, 131.147460398,  18.585243777,  131.523113810,  18.489814653,    17.058175779,     -10.283913930,         21.230,       -7.598, 109.691,  22.5488,    *,  0.802332,  6.28758856491987, -7.8566895,    1.6116,
 2026-Aug-11 00:00:00,A, , 131.370196053,  18.530101109,  131.745699030,  18.434225100,    17.793417060,     -10.224229785,         15.673,       -3.864, 103.849,  16.1420,    *,  0.801911,  6.29089460031062, -7.0242282,    1.7562,
 2026-Aug-12 00:00:00,A, , 131.575642634,  18.478675305,  131.950998381,  18.382395082,    18.544111426,     -10.153355235,        -47.531,       14.002, 286.417,  49.5496,    *,  0.802876,  6.28333027300509,  4.9231508,    1.8947,
 2026-Aug-13 00:00:00,A, , 131.834786109,  18.412034225,  132.209910974,  18.315253169,    19.246152794,     -10.101516492,         73.961,      -22.681, 107.045,  77.3616,    *,  0.802707,  6.28465126190036,-19.1528550,    2.0302,
 2026-Aug-14 00:00:00,A, , 132.010896520,  18.369089846,  132.385871188,  18.271971013,    20.022302037,     -10.007712644,        -86.483,       27.092, 287.398,  90.6252,    *,  0.803334,  6.27974470889637, 11.9419968,    2.1763,
 2026-Aug-15 00:00:00,A, , 132.284169522,  18.297161820,  132.658862780,  18.199518280,    20.711355497,      -9.954588470,         86.447,      -27.615, 107.711,  90.7521,    *,  0.803734,  6.27662617920221,-22.3147624,    2.3051,
 2026-Aug-16 00:00:00,A, , 132.460267285,  18.254193169,  132.834793521,  18.156207408,    21.486395501,      -9.850981053,        -70.891,       23.119, 288.066,  74.5638,    *,  0.803855,  6.27567933362535,  8.2124176,    2.4537,
 2026-Aug-17 00:00:00,A, , 132.715989012,  18.186459736,  133.090252480,  18.087975432,    22.190540091,      -9.781711649,         45.538,      -15.368, 108.647,  48.0619,    *,  0.804817,  6.26817588988748,-15.0714090,    2.5822,
 2026-Aug-18 00:00:00,A, , 132.920693789,  18.134662852,  133.294767523,  18.035772530,    22.939131972,      -9.682560456,        -10.570,        4.314, 292.204,  11.4164,    U,  0.804614,  6.26976217873075, -4.3490545,    2.7263,
 2026-Aug-19 00:00:00,A, , 133.137454087,  18.077975512,  133.511332988,  17.978653012,    23.676761124,      -9.585860107,        -23.595,        6.721, 285.900,  24.5339,    *,  0.805814,  6.26042146680985, -2.2494353,    2.8605,
 2026-Aug-20 00:00:00,A, , 133.380857791,  18.013810139,  133.754523350,  17.914003826,    24.390381905,      -9.497401098,         56.486,      -17.589, 107.293,  59.1623,    *,  0.805702,  6.26129209638342,-18.1779110,    2.9959,
 2026-Aug-21 00:00:00,A, , 133.560966724,  17.967988407,  133.934506488,  17.867817359,    25.158770114,      -9.373180966,        -77.986,       24.925, 287.728,  81.8707,    *,  0.806697,  6.25356828511016,  7.7827975,    3.1374,
 2026-Aug-22 00:00:00,A, , 133.828418785,  17.895494829,  134.201734137,  17.794797885,    25.850589806,      -9.289204272,         88.566,      -28.844, 108.035,  93.1466,    *,  0.807071,  6.25067251611299,-25.1281799,    3.2650,
 2026-Aug-23 00:00:00, , , 133.996418273,  17.853328885,  134.369636696,  17.752295174,    26.627865569,      -9.149273668,        -83.234,       27.543, 288.314,  87.6714,    *,  0.807577,  6.24675399895203,  8.1725625,    3.4101,
 2026-Aug-24 00:00:00, , , 134.257509231,  17.781761404,  134.630515190,  17.680223044,    27.324289458,      -9.054426916,         65.941,      -22.262, 108.651,  69.5985,    *,  0.808563,  6.23913437856524,-21.4341466,    3.5354,
 2026-Aug-25 00:00:00, , , 134.444659622,  17.733508920,  134.817541947,  17.631608604,    28.083391244,      -8.915417747,        -35.908,       12.611, 289.354,  38.0575,    *,  0.808635,  6.23857807920754, -1.8039383,    3.6774,
 2026-Aug-26 00:00:00, ,m, 134.672048716,  17.671630942,  135.044747637,  17.569300290,    28.807516326,      -8.794616529,          2.441,       -1.622, 123.608,   2.9308,    t,  0.810011,  6.22798423855961, -9.7474748,    3.8066,
 2026-Aug-27 00:00:00, ,m, 134.896787955,  17.611149582,  135.269297282,  17.508398795,    29.533002356,      -8.667500664,         34.118,      -10.621, 107.289,  35.7330,    *,  0.810008,  6.22801059458901,-16.1776972,    3.9406,
 2026-Aug-28 00:00:00, ,m, 135.083362891,  17.561664293,  135.455716169,  17.458566846,    30.290194975,      -8.515781649,        -62.656,       20.381, 288.022,  65.8871,    *,  0.811335,  6.21781825824764,  2.3399457,    4.0765,
 2026-Aug-29 00:00:00, ,m, 135.339902978,  17.490331975,  135.712002978,  17.386761801,    30.987458686,      -8.398617737,         83.084,      -27.597, 108.370,  87.5488,    *,  0.811697,  6.21504608056440,-26.3726170,    4.2022,
 2026-Aug-30 00:00:00, ,m, 135.503266846,  17.448059751,  135.875222105,  17.344184928,    31.762221688,      -8.224907765,        -88.350,       29.765, 288.623,  93.2270,    *,  0.812601,  6.20813515644281,  6.7435130,    4.3423,
 2026-Aug-31 00:00:00, ,m, 135.765088513,  17.374072427,  136.136775042,  17.269711051,    32.453818270,      -8.103475311,         80.750,      -27.609, 108.872,  85.3408,    *,  0.813578,  6.20067972823774,-26.6013439,    4.4640,
 2026-Sep-01 00:00:00, ,m, 135.936402736,  17.329148307,  136.307940894,  17.224458170,    33.219829786,      -7.925439413,        -58.217,       20.287, 289.215,  61.6493,    *,  0.813978,  6.19762830933260,  0.1729512,    4.6025,
 2026-Sep-02 00:00:00, ,m, 136.172601010,  17.262526656,  136.543921794,  17.157385253,    33.931300566,      -7.781771115,         28.395,      -10.339, 110.006,  30.2192,    *,  0.815470,  6.18628839898854,-17.1254650,    4.7262,
 2026-Sep-03 00:00:00, ,m, 136.377033189,  17.206595650,  136.748195629,  17.101055122,    34.667926707,      -7.614826115,          8.717,       -2.290, 104.719,   9.0127,    O,  0.815637,  6.18502806122424,-13.5504429,    4.8577,
 2026-Sep-04 00:00:00, ,m, 136.571661826,  17.152876505,  136.942695328,  17.046951970,    35.411817277,      -7.438679946,        -41.790,       13.732, 288.192,  43.9877,    *,  0.817252,  6.17280390434819, -4.1184396,    4.9871,
 2026-Sep-05 00:00:00, ,m, 136.812762038,  17.084377947,  137.183624379,  16.977988248,    36.116657583,      -7.286101465,         70.455,      -23.841, 108.692,  74.3811,    *,  0.817634,  6.16991824399520,-26.1708362,    5.1099,
 2026-Sep-06 00:00:00, ,m, 136.974904208,  17.041014914,  137.345701243,  16.934304418,    36.884838513,      -7.081989909,        -85.803,       29.457, 288.952,  90.7172,    *,  0.818933,  6.16012863718905,  3.8347160,    5.2440,
 2026-Sep-07 00:00:00, ,m, 137.232310034,  16.966307971,  137.602920326,  16.859116431,    37.574884621,      -6.932338679,         88.739,      -30.849, 109.165,  93.9503,    *,  0.819886,  6.15297357505087,-30.3543090,    5.3614,
 2026-Sep-08 00:00:00, ,m, 137.390293478,  16.924194547,  137.760831346,  16.816705076,    38.344011904,      -6.717221200,        -75.626,       26.616, 289.392,  80.1715,    *,  0.820660,  6.14716904021536,  1.1901856,    5.4950,
 2026-Sep-09 00:00:00, , , 137.632185935,  16.853755596,  138.002528102,  16.745829095,    39.044923005,      -6.551014723,         52.108,      -18.673, 109.713,  55.3538,    *,  0.822217,  6.13552783297634,-23.9530020,    5.6126,
 2026-Sep-10 00:00:00, , , 137.815741180,  16.802933184,  138.185944022,  16.694676340,    39.791251720,      -6.343876300,        -17.612,        6.738, 290.937,  18.8572,    u,  0.822618,  6.13253387928381,-10.7342604,    5.7400,
 2026-Sep-11 00:00:00, , , 138.018682757,  16.744822210,  138.388706218,  16.636202726,    40.521282500,      -6.145814397,        -17.124,        5.457, 287.675,  17.9723,    *,  0.824468,  6.11877322129657,-11.2136776,    5.8622,
 2026-Sep-12 00:00:00, , , 138.240423495,  16.680751866,  138.610237522,  16.571735480,    41.235289261,      -5.955680871,         51.712,      -17.772, 108.964,  54.6807,    *,  0.824918,  6.11543815886095,-24.7364556,    5.9809,
 2026-Sep-13 00:00:00, , , 138.404145729,  16.635446682,  138.773823142,  16.526129071,    41.993975422,      -5.724748026,        -75.789,       26.505, 289.279,  80.2890,    *,  0.826595,  6.10302900530623, -0.4661639,    6.1076,
 2026-Sep-14 00:00:00, , , 138.651654072,  16.561976801,  139.021096908,  16.452209465,    42.685970412,      -5.544611230,         89.240,      -31.580, 109.483,  94.6649,    *,  0.827524,  6.09618370690865,-32.5483287,    6.2198,
 2026-Sep-15 00:00:00, , , 138.799196911,  16.521976938,  139.168542773,  16.411926181,    43.454767681,      -5.295269702,        -86.664,       30.958, 289.662,  92.0258,    *,  0.828702,  6.08751627787807,  1.0036823,    6.3467,
 2026-Sep-16 00:00:00, , , 139.042503599,  16.449134636,  139.411644301,  16.338634623,    44.148313324,      -5.105924290,         71.614,      -25.865, 109.855,  76.1426,    *,  0.830279,  6.07595217901214,-29.7939007,    6.4574,
 2026-Sep-17 00:00:00, , , 139.205657950,  16.403645684,  139.574707582,  16.292831162,    44.902523617,      -4.859352793,        -42.693,       15.701, 290.194,  45.4882,    *,  0.830977,  6.07084795435489, -8.1197072,    6.5791,
 2026-Sep-18 00:00:00, , , 139.415837360,  16.341445377,  139.784745383,  16.230237778,    45.619665244,      -4.641263326,          9.299,       -3.797, 112.208,  10.0445,    t,  0.833001,  6.05609414390735,-18.4600065,    6.6930,
 2026-Sep-19 00:00:00, , , 139.615284106,  16.283158462,  139.984071137,  16.171578539,    46.343814671,      -4.412130553,         28.368,       -9.797, 109.051,  30.0118,    *,  0.833574,  6.05193647177503,-22.3392926,    6.8063,
 2026-Sep-20 00:00:00, , , 139.782676359,  16.235239338,  140.151384148,  16.123344691,    47.091337383,      -4.158067442,        -59.111,       21.030, 289.587,  62.7395,    *,  0.835593,  6.03731298204906, -5.9094626,    6.9242,
 2026-Sep-21 00:00:00, , , 140.015069288,  16.165001882,  140.383614033,  16.052689270,    47.788551540,      -3.945068358,         82.181,      -29.606, 109.808,  87.3525,    *,  0.836512,  6.03067998609286,-33.1501262,    7.0302,
 2026-Sep-22 00:00:00, , , 140.155388776,  16.126228228,  140.523880344,  16.013656032,    48.554016126,      -3.665213274,        -90.378,       32.821, 289.963,  96.1510,    *,  0.838106,  6.01920727762481, -0.5073409,    7.1490,
 2026-Sep-23 00:00:00, ,m, 140.395190190,  16.052713930,  140.763493230,  15.939722888,    49.243906152,      -3.451351998,         85.289,      -31.224, 110.104,  90.8269,    *,  0.839669,  6.00800424377119,-34.3053973,    7.2520,
 2026-Sep-24 00:00:00, ,m, 140.539574902,  16.012352849,  140.907798912,  15.899104565,    50.003809521,      -3.167298092,        -64.448,       23.806, 290.277,  68.7033,    *,  0.840717,  6.00051287101621, -6.0849831,    7.3664,
 2026-Sep-25 00:00:00, ,m, 140.754798959,  15.946771734,  141.122842546,  15.833152343,    50.710173440,      -2.930217661,         35.306,      -13.262, 110.586,  37.7145,    *,  0.842854,  5.98530074196284,-25.3853453,    7.4712,
 2026-Sep-26 00:00:00, ,m, 140.930306471,  15.895219182,  141.298212040,  15.781293694,    51.444734437,      -2.661588905,          2.304,       -0.514, 102.586,   2.3610,    U,  0.843611,  5.97993132723596,-19.3520098,    7.5776,
 2026-Sep-27 00:00:00, ,m, 141.102617005,  15.844248283,  141.470385107,  15.730018932,    52.180679429,      -2.387825848,        -37.108,       13.385, 289.837,  39.4478,    *,  0.845922,  5.96359247446314,-12.1738156,    7.6858,
 2026-Sep-28 00:00:00, ,m, 141.315339912,  15.779105537,  141.682924663,  15.664501577,    52.885993126,      -2.139856647,         68.090,      -24.961, 110.129,  72.5224,    *,  0.846864,  5.95696254422208,-32.2904896,    7.7845,
 2026-Sep-29 00:00:00, ,m, 141.451668934,  15.740573800,  141.819178812,  15.625711960,    53.645931457,      -1.833834950,        -86.402,       31.912, 290.275,  92.1055,    *,  0.848870,  5.94288642122844, -3.3699729,    7.8938,
 2026-Sep-30 00:00:00, ,m, 141.682710945,  15.668334737,  142.050044287,  15.553056540,    54.336253058,      -1.593630368,         91.985,      -34.193, 110.388,  98.1366,    *,  0.850399,  5.93219639403515,-37.2908568,    7.9883,
 2026-Oct-01 00:00:00, ,m, 141.810856049,  15.632517868,  142.178162182,  15.516984249,    55.099777256,      -1.275324626,        -81.061,       30.299, 290.498,  86.5369,    *,  0.851842,  5.92214974907206, -4.9744953,    8.0940,
 2026-Oct-02 00:00:00, ,m, 142.027844511,  15.564691676,  142.395027064,  15.448760355,    55.798595397,      -1.019506600,         58.761,      -22.123, 110.628,  62.7886,    *,  0.854034,  5.90694704940533,-31.5759831,    8.1888,
 2026-Oct-03 00:00:00, ,m, 142.179003753,  15.520397268,  142.546155037,  15.404176259,    56.543465919,      -0.712143796,        -24.379,        9.335, 290.954,  26.1054,    u,  0.855042,  5.89998416236895,-16.2100814,    8.2870,
 2026-Oct-04 00:00:00, ,m, 142.356339266,  15.466311847,  142.723425576,  15.349765921,    57.268822230,      -0.421570930,        -11.549,        4.133, 289.690,  12.2660,    t,  0.857588,  5.88246828569127,-18.8867690,    8.3845,
 2026-Oct-05 00:00:00, ,m, 142.545622108,  15.407928207,  142.912619875,  15.291046467,    57.984781636,      -0.137076378,         48.052,      -17.915, 110.445,  51.2832,    *,  0.858600,  5.87553338667683,-30.2335656,    8.4746,
 2026-Oct-06 00:00:00, ,m, 142.680684996,  15.368760517,  143.047647529,  15.251635631,    58.738105323,       0.190659764,        -74.994,       28.171, 290.591,  80.1088,    *,  0.860998,  5.85917503027125, -7.4973513,    8.5731,
 2026-Oct-07 00:00:00, , , 142.897494348,  15.299931447,  143.264302028,  15.182441118,    59.433174062,       0.459480339,         91.102,      -34.402, 110.684,  97.3832,    *,  0.862494,  5.84900636032592,-38.6869093,    8.6579,
 2026-Oct-08 00:00:00, , , 143.012295249,  15.267880175,  143.379062154,  15.150186135,    60.198729426,       0.808070178,        -91.122,       34.536, 290.761,  97.4452,    *,  0.864363,  5.83636137355387, -5.0352418,    8.7533,
 2026-Oct-09 00:00:00, , , 143.226593288,  15.199445971,  143.593185119,  15.081393032,    60.894221353,       1.083510206,         77.736,      -29.586, 110.833,  83.1774,    *,  0.866564,  5.82153971705741,-36.6682042,    8.8372,
 2026-Oct-10 00:00:00, , , 143.353903443,  15.162601769,  143.720428161,  15.044321390,    61.649260795,       1.427877292,        -49.529,       18.933, 290.922,  53.0237,    *,  0.867888,  5.81265905241484,-13.3183992,    8.9254,
 2026-Oct-11 00:00:00, , , 143.534882005,  15.105889131,  143.901277117,  14.987293666,    62.366497593,       1.733463977,         15.510,       -6.001, 111.153,  16.6303,    t,  0.870604,  5.79452150764600,-25.5948013,    9.0109,
 2026-Oct-12 00:00:00, , , 143.697727965,  15.055716047,  144.064026813,  14.936828380,    63.095519745,       2.055391384,         23.616,       -8.957, 110.770,  25.2579,    *,  0.871746,  5.78693566180474,-27.2777157,    9.0907,
 2026-Oct-13 00:00:00, , , 143.833279539,  15.015337649,  144.199529249,  14.896195192,    63.842558362,       2.400736254,        -57.003,       21.787, 290.920,  61.0242,    *,  0.874495,  5.76874398880659,-12.6218752,    9.1770,
 2026-Oct-14 00:00:00, , , 144.030421931,  14.952145618,  144.396558201,  14.832652017,    64.546939130,       2.700498138,         82.639,      -31.706, 110.987,  88.5137,    *,  0.875973,  5.75900650649036,-38.4899647,    9.2508,
 2026-Oct-15 00:00:00, , , 144.134825905,  14.922994115,  144.500976009,  14.803289412,    65.313791380,       3.074769007,        -93.733,       36.042, 291.037, 100.4212,    *,  0.878278,  5.74389073773898, -6.3312253,    9.3341,
 2026-Oct-16 00:00:00, , , 144.341157996,  14.855977826,  144.707201535,  14.735909161,    66.011004606,       3.371429861,         90.658,      -34.948, 111.078,  97.1625,    *,  0.880448,  5.72973912414514,-40.3292616,    9.4057,
 2026-Oct-17 00:00:00, , , 144.446071514,  14.826388700,  144.812139003,  14.706111804,    66.776224494,       3.749815429,        -71.097,       27.444, 291.110,  76.2089,    *,  0.882141,  5.71873989110735,-10.9897444,    9.4822,
 2026-Oct-18 00:00:00, , , 144.628087111,  14.768010339,  144.994081066,  14.647413512,    67.489029937,       4.069522835,         41.893,      -16.186, 111.123,  44.9118,    *,  0.884958,  5.70053835264283,-31.8053271,    9.5545,
 2026-Oct-19 00:00:00, , , 144.762708126,  14.727074532,  145.128683037,  14.606233617,    68.233268665,       4.428618487,         -3.315,        1.240, 290.509,   3.5390,    U,  0.886289,  5.69197353555749,-23.7546654,    9.6224,
 2026-Oct-20 00:00:00, , , 144.899627334,  14.685186342,  145.265572267,  14.564102760,    68.975523284,       4.787915835,        -33.809,       13.189, 291.312,  36.2897,    *,  0.889332,  5.67250024182393,-18.3750841,    9.6951,
 2026-Oct-21 00:00:00, , , 145.072358783,  14.629670444,  145.438218537,  14.508295522,    69.693631447,       5.120470109,         67.180,      -26.203, 111.305,  72.1106,    *,  0.890820,  5.66302283806484,-36.8253562,    9.7563,
 2026-Oct-22 00:00:00, ,m, 145.169342076,  14.602455879,  145.535200446,  14.480904798,    70.461783058,       5.515407700,        -88.579,       34.563, 291.319,  95.0818,    *,  0.893551,  5.64571846225211, -8.8268633,    9.8261,
 2026-Oct-23 00:00:00, ,m, 145.362183995,  14.539047356,  145.727911871,  14.417179764,    71.166165315,       5.835266949,         96.422,      -37.664, 111.333, 103.5192,    *,  0.895661,  5.63241299394046,-42.3756975,    9.8843,
 2026-Oct-24 00:00:00, ,m, 145.447097105,  14.516093758,  145.812824017,  14.394066688,    71.941782575,       6.243501030,        -87.307,       34.098, 291.337,  93.7277,    *,  0.897765,  5.61921895526467, -9.5076231,    9.9473,
 2026-Oct-25 00:00:00, ,m, 145.626561191,  14.457406666,  145.992170948,  14.335076999,    72.654853913,       6.577265968,         65.474,      -25.557, 111.320,  70.2866,    *,  0.900612,  5.60145041810442,-37.1107046,   10.0053,
 2026-Oct-26 00:00:00, ,m, 145.732488874,  14.426221107,  146.098082593,  14.303689532,    73.416372780,       6.971848278,        -30.641,       11.875, 291.184,  32.8616,    u,  0.902198,  5.59160751874438,-20.0628157,   10.0598,
 2026-Oct-27 00:00:00, ,m, 145.870626098,  14.382875389,  146.236180790,  14.260087415,    74.156633229,       7.342026409,         -7.206,        3.011, 292.678,   7.8096,    t,  0.905463,  5.57144226984032,-24.3688482,   10.1176,
 2026-Oct-28 00:00:00, ,m, 146.015124503,  14.336766165,  146.380652385,  14.213706572,    74.892920106,       7.708263660,         45.853,      -18.235, 111.685,  49.3463,    *,  0.907004,  5.56197651787567,-33.9564534,   10.1650,
 2026-Oct-29 00:00:00, ,m, 146.107289137,  14.310587833,  146.472874004,  14.187329334,    75.663472049,       8.118656000,        -75.959,       30.092, 291.615,  81.7013,    *,  0.910129,  5.54288198297519,-12.3996900,   10.2198,
 2026-Oct-30 00:00:00, ,m, 146.281089931,  14.253052003,  146.646641629,  14.129478555,    76.380981857,       8.463620901,         94.481,      -37.399, 111.592, 101.6155,    *,  0.912172,  5.53046720997458,-42.7739706,   10.2633,
 2026-Oct-31 00:00:00, ,m, 146.348930379,  14.235834705,  146.714581909,  14.112103710,    77.167827881,       8.896518886,        -96.784,       38.254, 291.571, 104.0676,    *,  0.914709,  5.51512550346482, -9.0819795,   10.3114,
 2026-Nov-01 00:00:00, ,m, 146.521297953,  14.178604871,  146.886911624,  14.054574172,    77.886909561,       9.245005021,         84.344,      -33.296, 111.539,  90.6801,    *,  0.917527,  5.49818554265998,-41.1918113,   10.3539,
 2026-Nov-02 00:00:00, ,m, 146.599152208,  14.157234211,  146.964830169,  14.033046498,    78.667963870,       9.672045073,        -56.215,       22.079, 291.445,  60.3949,    *,  0.919428,  5.48682081884717,-16.5975523,   10.3933,
 2026-Nov-03 00:00:00, ,m, 146.737052344,  14.112977514,  147.102703619,  13.988553309,    79.410349140,      10.050981540,         20.737,       -7.954, 110.985,  22.2098,    *,  0.922838,  5.46654672364528,-30.1931645,   10.4351,
 2026-Nov-04 00:00:00, , , 146.850410366,  14.077682378,  147.216049779,  13.953059997,    80.169403070,      10.450815791,         20.242,       -8.362, 112.445,  21.9011,    *,  0.924486,  5.45679972999347,-30.2167837,   10.4668,
 2026-Nov-05 00:00:00, , , 146.939470560,  14.051929595,  147.305118539,  13.927143579,    80.944689900,      10.871914986,        -56.755,       22.883, 291.961,  61.1936,    *,  0.927954,  5.43640757596014,-16.8100691,   10.5053,
 2026-Nov-06 00:00:00, , , 147.088763111,  14.002566040,  147.454341337,  13.877528985,    81.681804516,      11.243773919,         84.878,      -34.058, 111.860,  91.4576,    *,  0.929937,  5.42481645847064,-41.5882680,   10.5325,
 2026-Nov-07 00:00:00, , , 147.142460005,  13.990119923,  147.508089841,  13.864961922,    82.481598483,      11.695718698,        -98.666,       39.464, 291.804, 106.2635,    *,  0.932912,  5.40751521819782, -9.7803161,   10.5640,
 2026-Nov-08 00:00:00, , , 147.302291130,  13.936520745,  147.667850122,  13.811087659,    83.213535361,      12.060283547,         96.951,      -38.696, 111.755, 104.3907,    *,  0.935648,  5.39169935660562,-43.7834728,   10.5895,
 2026-Nov-09 00:00:00, , , 147.353490304,  13.924678318,  147.719123871,  13.799117308,    84.016928201,      12.515552716,        -78.009,       30.992, 291.670,  83.9387,    *,  0.937913,  5.37867916835155,-13.6575050,   10.6120,
 2026-Nov-10 00:00:00, , , 147.488309655,  13.880611828,  147.853927877,  13.754802402,    84.767055089,      12.902068956,         47.830,      -18.822, 111.478,  51.4007,    *,  0.941381,  5.35886545142940,-35.3919076,   10.6362,
 2026-Nov-11 00:00:00, , , 147.568637838,  13.857144232,  147.934318407,  13.731160426,    85.553897324,      13.334038568,         -7.736,        2.679, 289.102,   8.1863,    U,  0.943194,  5.34856879342102,-25.9232276,   10.6506,
 2026-Nov-12 00:00:00, , , 147.655241899,  13.831580090,  148.020985951,  13.705413104,    86.337708440,      13.761557124,        -32.376,       13.429, 292.529,  35.0498,    *,  0.946930,  5.32746610658761,-21.6793969,   10.6712,
 2026-Nov-13 00:00:00, , , 147.775093366,  13.792516597,  148.140863543,  13.666122367,    87.101513871,      14.161241806,         68.240,      -27.801, 112.163,  73.6871,    *,  0.948870,  5.31657165313115,-38.9378981,   10.6804,
 2026-Nov-14 00:00:00, , , 147.817460769,  13.783844150,  148.183352448,  13.657333021,    87.917000526,      14.626133281,        -92.672,       37.510, 292.040,  99.9733,    *,  0.952258,  5.29765854171148,-11.5128245,   10.6937,
 2026-Nov-15 00:00:00, , , 147.958994357,  13.736213427,  148.324881314,  13.609452961,    88.669589328,      15.008135877,        102.221,      -41.231, 111.963, 110.2251,    *,  0.954868,  5.28317455934796,-44.7008427,   10.7008,
 2026-Nov-16 00:00:00, , , 147.985855718,  13.733184683,  148.351870805,  13.606337358,    89.498643034,      15.486038886,        -94.261,       37.834, 291.873, 101.5685,    *,  0.957526,  5.26850882129939,-11.4507790,   10.7047,
 2026-Nov-17 00:00:00, , , 148.113797321,  13.690789207,  148.479807054,  13.563720486,    90.263352041,      15.879546128,         71.946,      -28.692, 111.739,  77.4575,    *,  0.960960,  5.24968400324484,-39.5509856,   10.7101,
 2026-Nov-18 00:00:00, , , 148.160597662,  13.679573238,  148.526689841,  13.552397898,    91.083278187,      16.340462221,        -35.964,       14.032, 291.316,  38.6041,    p,  0.962988,  5.23862673071546,-21.4113838,   10.7054,
 2026-Nov-19 00:00:00, , , 148.244487217,  13.654274315,  148.610607185,  13.526943296,    91.880642023,      16.770576904,         -4.636,        2.428, 297.646,   5.2333,    t,  0.966897,  5.21744958271576,-26.5998077,   10.7069,
 2026-Nov-20 00:00:00, ,m, 148.331057118,  13.627206138,  148.697193626,  13.499715454,    92.678669911,      17.197620604,         45.731,      -19.036, 112.598,  49.5355,    *,  0.968823,  5.20707746503804,-35.0580754,   10.6966,
 2026-Nov-21 00:00:00, ,m, 148.364728142,  13.621301367,  148.730944745,  13.493719923,    93.513598707,      17.669009063,        -79.120,       32.439, 292.297,  85.5099,    *,  0.972569,  5.18702123689935,-14.1188016,   10.6906,
 2026-Nov-22 00:00:00, ,m, 148.482415481,  13.581911862,  148.848614453,  13.454119574,    94.295547109,      18.069194339,         99.631,      -40.599, 112.167, 107.5877,    *,  0.975022,  5.17396831618256,-43.9157059,   10.6778,
 2026-Nov-23 00:00:00, ,m, 148.488037838,  13.586587516,  148.854369302,  13.458729052,    95.154290139,      18.562751020,       -103.615,       41.975, 292.057, 111.7922,    *,  0.978080,  5.15779455567832,-10.1372339,   10.6619,
 2026-Nov-24 00:00:00, ,m, 148.604635133,  13.547616938,  148.970983120,  13.419534065,    95.941775244,      18.962769160,         91.171,      -36.728, 111.938,  98.2927,    *,  0.981391,  5.14039526643149,-42.3754743,   10.6475,
 2026-Nov-25 00:00:00, ,m, 148.618798112,  13.548466117,  148.985307309,  13.420292271,    96.800650387,      19.447407903,        -62.296,       24.794, 291.705,  67.0478,    *,  0.983681,  5.12842802775531,-17.0386482,   10.6223,
 2026-Nov-26 00:00:00, ,m, 148.698728901,  13.523874770,  149.065335499,  13.395519743,    97.618085007,      19.876590881,         24.372,       -9.270, 110.824,  26.0760,    *,  0.987653,  5.10779926326881,-31.1901707,   10.6038,
 2026-Nov-27 00:00:00, ,m, 148.749422973,  13.509982537,  149.116166843,  13.381489599,    98.458586238,      20.328621370,         18.959,       -8.385, 113.858,  20.7303,    *,  0.989603,  5.09773559118146,-30.2820170,   10.5727,
 2026-Nov-28 00:00:00, ,m, 148.776467837,  13.506004797,  149.143372425,  13.377413048,    99.317982847,      20.799884495,        -58.915,       24.560, 292.632,  63.8288,    *,  0.993630,  5.07707817524406,-17.3810470,   10.5463,
 2026-Nov-29 00:00:00, ,m, 148.865163202,  13.476981603,  149.232137315,  13.348216497,   100.139095484,      21.217938993,         89.253,      -36.755, 112.379,  96.5261,    *,  0.995912,  5.06544068514753,-41.5365948,   10.5125,
 2026-Nov-30 00:00:00, ,m, 148.852931631,  13.488067357,  149.220079292,  13.359272183,   101.032484456,      21.719167835,       -105.225,       42.992, 292.228, 113.6669,    *,  0.999352,  5.04800882102657, -9.7955665,   10.4756,
 2026-Dec-01 00:00:00, ,m, 148.953074585,  13.454551877,  149.320241306,  13.325579828,   101.852423448,      22.125203747,        103.957,      -42.226, 112.103, 112.2082,    *,  1.002460,  5.03235525349501,-43.6743220,   10.4402,
 2026-Dec-02 00:00:00, ,m, 148.936488674,  13.466824669,  149.303803229,  13.337834081,   102.756861614,      22.626642704,        -84.702,       34.086, 291.924,  91.3020,    *,  1.005045,  5.01941138571961,-13.1115601,   10.3933,
 2026-Dec-03 00:00:00, , , 149.009972020,  13.443880755,  149.377319922,  13.314748654,   103.602536764,      23.051917892,         52.447,      -20.741, 111.575,  56.4001,    *,  1.008965,  4.99991176653042,-35.0714845,   10.3538,
 2026-Dec-04 00:00:00, , , 149.023307428,  13.443875148,  149.390761479,  13.314678632,   104.494680142,      23.524689729,        -10.134,        3.359, 288.339,  10.6759,    U,  1.010979,  4.98994849747570,-24.9435005,   10.3004,
 2026-Dec-05 00:00:00, , , 149.044769699,  13.441362807,  149.412327580,  13.312085992,   105.385093424,      23.989444399,        -33.483,       14.424, 293.307,  36.4570,    *,  1.015181,  4.96929475823927,-20.9714351,   10.2527,
 2026-Dec-06 00:00:00, , , 149.099871063,  13.424615952,  149.467500733,  13.295208918,   106.256527229,      24.423613539,         71.742,      -29.919, 112.635,  77.7320,    *,  1.017291,  4.95899036958207,-37.7108920,   10.1966,
 2026-Dec-07 00:00:00, , , 149.073040731,  13.440810675,  149.440853647,  13.311379381,   107.190731498,      24.923737598,        -98.821,       40.712, 292.394, 106.8763,    *,  1.021060,  4.94068603272157,-10.3401092,   10.1377,
 2026-Dec-08 00:00:00, , , 149.151283903,  13.414925220,  149.519162758,  13.285326305,   108.054548719,      25.334603598,        109.235,      -44.681, 112.242, 118.0222,    *,  1.023893,  4.92701286880893,-43.2941830,   10.0801,
 2026-Dec-09 00:00:00, , , 149.106742102,  13.437548510,  149.474843596,  13.307946196,   109.012103689,      25.843955470,       -101.425,       41.128, 292.077, 109.4443,    *,  1.026780,  4.91316084175986, -9.8035554,   10.0105,
 2026-Dec-10 00:00:00, , , 149.170364873,  13.417555860,  149.538562757,  13.287806374,   109.895977728,      26.262193871,         77.438,      -31.056, 111.850,  83.4345,    *,  1.030519,  4.89533479577420,-37.8563180,    9.9491,
 2026-Dec-11 00:00:00, , , 149.146329025,  13.431497743,  149.514728322,  13.301721860,   110.849817219,      26.748845841,        -39.415,       15.297, 291.213,  42.2795,    *,  1.032630,  4.88532855659565,-19.3346266,    9.8724,
 2026-Dec-12 00:00:00, , , 149.162455033,  13.430270655,  149.531003963,  13.300418654,   111.779203239,      27.200473937,         -4.660,        2.786, 300.870,   5.4292,    t,  1.036874,  4.86533313612449,-24.4953103,    9.8028,
 2026-Dec-13 00:00:00, , , 149.180611807,  13.427167439,  149.549298464,  13.297241522,   112.713198268,      27.646579733,         48.289,      -20.558, 113.059,  52.4831,    *,  1.038813,  4.85624915938677,-32.6482407,    9.7232,
 2026-Dec-14 00:00:00, , , 149.142448297,  13.447097660,  149.511331451,  13.317178247,   113.695227963,      28.135825832,        -84.734,       35.228, 292.578,  91.7636,    *,  1.042823,  4.83757597218442,-11.5987051,    9.6420,
 2026-Dec-15 00:00:00, , , 149.193780387,  13.430818801,  149.562739043,  13.300789560,   114.615714066,      28.548735372,        106.488,      -43.829, 112.367, 115.1577,    *,  1.045318,  4.82602790159678,-41.2071647,    9.5615,
 2026-Dec-16 00:00:00, , , 149.125117405,  13.462218121,  149.494285913,  13.332243189,   115.634387086,      29.055029507,       -111.108,       45.307, 292.189, 119.9883,    *,  1.048483,  4.81146153213775, -7.2374063,    9.4687,
 2026-Dec-17 00:00:00, , , 149.175070363,  13.446618853,  149.544296428,  13.316539088,   116.567872349,      29.462349449,         97.412,      -39.368, 112.002, 105.0685,    *,  1.051913,  4.79577467042805,-39.2692900,    9.3852,
 2026-Dec-18 00:00:00, ,m, 149.115359659,  13.473804318,  149.484770501,  13.343765993,   117.593914980,      29.953088279,        -66.720,       26.498, 291.663,  71.7883,    *,  1.054139,  4.78564742367966,-13.7672813,    9.2846,
 2026-Dec-19 00:00:00, ,m, 149.125742984,  13.473913384,  149.495256221,  13.343817750,   118.571407774,      30.384472009,         25.440,       -9.462, 110.400,  27.1429,    *,  1.058272,  4.76695540181495,-27.5959069,    9.1933,
 2026-Dec-20 00:00:00, ,m, 149.105232576,  13.485108924,  149.474892359,  13.354991628,   119.581017026,      30.835252756,         20.530,       -9.352, 114.489,  22.5593,    *,  1.060052,  4.75895028230581,-26.6508178,    9.0899,
 2026-Dec-21 00:00:00, ,m, 149.058851954,  13.507413630,  149.428705971,  13.377302465,   120.618517679,      31.302786639,        -63.877,       26.903, 292.842,  69.3107,    *,  1.064183,  4.74047931390090,-13.3657681,    8.9866,
 2026-Dec-22 00:00:00, ,m, 149.079117363,  13.502341075,  149.449102616,  13.372139527,   121.609689108,      31.712482802,         95.799,      -39.673, 112.492, 103.6912,    *,  1.066293,  4.73109848394157,-37.5210589,    8.8831,
 2026-Dec-23 00:00:00, ,m, 148.990962936,  13.540562300,  149.361229247,  13.410414061,   122.697605817,      32.202609713,       -112.902,       46.233, 292.273, 121.9989,    *,  1.069681,  4.71611097526820, -5.4853445,    8.7674,
 2026-Dec-24 00:00:00, ,m, 149.023320695,  13.530831377,  149.393732540,  13.400574240,   123.693419738,      32.593637999,        110.803,      -44.983, 112.092, 119.5883,    *,  1.072683,  4.70291568743107,-39.1570785,    8.6620,
 2026-Dec-25 00:00:00, ,m, 148.931213694,  13.569859662,  149.301920065,  13.439669143,   124.802101550,      33.075559179,        -90.003,       36.074, 291.845,  96.9611,    *,  1.075028,  4.69265301642098, -8.5418264,    8.5378,
 2026-Dec-26 00:00:00, ,m, 148.934773534,  13.571620923,  149.305646376,  13.441375852,   125.837685384,      33.478805171,         54.588,      -21.359, 111.367,  58.6191,    *,  1.078891,  4.67585073194778,-29.9694959,    8.4252,
 2026-Dec-27 00:00:00, ,m, 148.875567185,  13.597042098,  149.246660237,  13.466837498,   126.936092195,      33.923601445,         -9.568,        2.859, 286.640,   9.9859,    U,  1.080529,  4.66876332837785,-20.0734545,    8.2983,
 2026-Dec-28 00:00:00, ,m, 148.823591368,  13.620550354,  149.194875630,  13.490383133,   128.036727747,      34.357804690,        -37.687,       16.342, 293.443,  41.0774,    *,  1.084635,  4.65108845109684,-15.4072313,    8.1736,
 2026-Dec-29 00:00:00, ,m, 148.809649982,  13.627851475,  149.181060494,  13.497672564,   129.113123689,      34.756217962,         77.837,      -32.487, 112.652,  84.3460,    *,  1.086333,  4.64381901944504,-32.4432150,    8.0474,
 2026-Dec-30 00:00:00, ,m, 148.706904989,  13.670813500,  149.078540832,  13.540744428,   130.277638104,      35.215529229,       -106.536,       43.775, 292.342, 115.1762,    *,  1.089862,  4.62878386117389, -4.5433939,    7.9096,
 2026-Dec-31 00:00:00, , , 148.717692558,  13.668444688,  149.089413324,  13.538326068,   131.349189733,      35.583172621,        116.522,      -47.424, 112.141, 125.8063,    *,  1.092333,  4.61831285936112,-37.4550825,    7.7828,
$$EOE
***************************************************************************************************************************************************************************************************************************************
Column meaning:
 
TIME

  Times PRIOR to 1962 are UT1, a mean-solar time closely related to the
prior but now-deprecated GMT. Times AFTER 1962 are in UTC, the current
civil or "wall-clock" time-scale. UTC is kept within 0.9 seconds of UT1
using integer leap-seconds for 1972 and later years.

  Conversion from the internal Barycentric Dynamical Time (TDB) of solar
system dynamics to the non-uniform civil UT time-scale requested for output
has not been determined for UTC times after the next July or January 1st.
Therefore, the last known leap-second is used as a constant over future
intervals.

  Time tags refer to the UT time-scale conversion from TDB on Earth
regardless of observer location within the solar system, although clock
rates may differ due to the local gravity field and no analog to "UT"
may be defined for that location.

  Any 'b' symbol in the 1st-column denotes a B.C. date. First-column blank
(" ") denotes an A.D. date.
 
CALENDAR SYSTEM

  Mixed calendar mode was active such that calendar dates after AD 1582-Oct-15
(if any) are in the modern Gregorian system. Dates prior to 1582-Oct-5 (if any)
are in the Julian calendar system, which is automatically extended for dates
prior to its adoption on 45-Jan-1 BC.  The Julian calendar is useful for
matching historical dates. The Gregorian calendar more accurately corresponds
to the Earth's orbital motion and seasons. A "Gregorian-only" calendar mode is
available if such physical events are the primary interest.

  NOTE: "n.a." in output means quantity "not available" at the print-time.
 
SOLAR PRESENCE (OBSERVING SITE)
  Time tag is followed by a blank, then a solar-presence symbol:

       '*'  Daylight (refracted solar upper-limb on or above apparent horizon)
       'C'  Civil twilight/dawn
       'N'  Nautical twilight/dawn
       'A'  Astronomical twilight/dawn
       ' '  Night OR geocentric ephemeris

LUNAR PRESENCE (OBSERVING SITE)
  The solar-presence symbol is immediately followed by a lunar-presence symbol:

       'm'  Refracted upper-limb of Moon on or above apparent horizon
       ' '  Refracted upper-limb of Moon below apparent horizon OR geocentric
            ephemeris
 
 'R.A.___(ICRF), DEC____(ICRF),' =
  Astrometric right ascension and declination of the target center with
respect to the observing site (coordinate origin) in the reference frame of
the planetary ephemeris (ICRF). Compensated for down-leg light-time delay
aberration.

  Units: RA  in decimal degrees,  ddd.fffff{ffff}
         DEC in decimal degrees,  sdd.fffff{ffff}
 
 'R.A.__(a-app), DEC___(a-app),' =
  Airless apparent right ascension and declination of the target center
with respect to an instantaneous reference frame defined by the Earth equator
of-date (z-axis) and meridian containing the Earth equinox of-date (x-axis,
EOP-corrected IAU76/80). Compensated for down-leg light-time delay,
gravitational deflection of light, stellar aberration, precession & nutation.
Note: equinox (RA origin) is offset -53 mas from the of-date frame defined by
the IAU06/00a P & N system.

  Units: RA  in decimal degrees, ddd.fffff{ffff}
         DEC in decimal degrees  sdd.fffff{ffff}

 
 'Azimuth_(a-app), Elevation_(a-app),' =
  Airless apparent azimuth and elevation of target center. Compensated
for light-time, the gravitational deflection of light, stellar aberration,
precession and nutation. Azimuth is measured clockwise from north:

  North(0) -> East(90) -> South(180) -> West(270) -> North (360)

Elevation angle is with respect to a plane perpendicular to the reference
surface local zenith direction. TOPOCENTRIC ONLY.  Units: DEGREES
 
 'X_(sat-prim), Y_(sat-prim), SatPANG,' =
   Satellite apparent differential coordinates in the plane-of-sky with
respect to the primary body along with the satellite position angle.
Differential coordinates are defined in RA as:

     X= ((RA_sat - RA_primary) * cosine(DEC_primary))

... and in DEC as:

     Y= (DEC_sat - DEC_primary)

Non-lunar satellites only. "SatPANG" is the counter-clockwise (CCW) position
angle from the reference-frame of-date north-pole to a line from the primary
center to the satellite center. Units: ARCSECONDS (X & Y), DEGREES (pos, angle)
 
 'ang-sep, vis.,' =
  The angular separation between the center of the target object and the center
of the (remote) primary body it revolves around, as seen by the observer, with
target visibility code.

  Visibility codes (refers to limb-to-limb):

    /t = Transiting primary body disk    /O = Occulted by primary body disk
    /p = Partial umbral eclipse          /P = Occulted partial umbral eclipse
    /u = Total umbral eclipse            /U = Occulted total umbral eclipse
    /- = Target is the primary body      /* = None of above ("free and clear")

  The radius of both primary and target body is taken to be the equatorial
value (maximum, given a triaxial shape). Atmospheric effects and oblateness
aspect are NOT currently considered.  Light-time is considered.

  Units: ARCSECONDS and visibility code
 
 'Ang-diam,' =
   The equatorial angular width of the target body full disk, if it were fully
illuminated and visible to the observer. If the target body diameter is unknown
"n.a." is output.

   Units: ARCSECONDS
 
 'delta,     deldot,' =
   Apparent range ("delta", light-time aberrated) and range-rate ("delta-dot")
of the target center relative to the observer. A positive "deldot" means the
target center is moving away from the observer, negative indicates movement
toward the observer.  Units: AU and KM/S
 
 'S-T-O,' =
   The Sun-Target-Observer angle; the interior vertex angle at target center
formed by a vector from the target to the apparent center of the Sun (at
reflection time on the target) and the apparent vector from target to the
observer at print-time. Slightly different from true PHASE ANGLE (requestable
separately) at the few arcsecond level in that it includes stellar aberration
on the down-leg from target to observer.  Units: DEGREES

Computations by ...

    Solar System Dynamics Group, Horizons On-Line Ephemeris System
    4800 Oak Grove Drive, Jet Propulsion Laboratory
    Pasadena, CA  91109   USA

    General site: https://ssd.jpl.nasa.gov/
    Mailing list: https://ssd.jpl.nasa.gov/email_list.html
    System news : https://ssd.jpl.nasa.gov/horizons/news.html
    User Guide  : https://ssd.jpl.nasa.gov/horizons/manual.html
    Connect     : browser        https://ssd.jpl.nasa.gov/horizons/app.html#/x
                  API            https://ssd-api.jpl.nasa.gov/doc/horizons.html
                  command-line   telnet ssd.jpl.nasa.gov 6775
                  e-mail/batch   https://ssd.jpl.nasa.gov/ftp/ssd/horizons_batch.txt
                  scripts        https://ssd.jpl.nasa.gov/ftp/ssd/SCRIPTS
    Inquiries   : Jon.D.Giorgini@jpl.nasa.gov

***************************************************************************************************************************************************************************************************************************************
