# JPL Horizons response, kept whole (#472)
# request-url: https://ssd.jpl.nasa.gov/api/horizons.api?format=text&COMMAND=%27504%27&MAKE_EPHEM=%27YES%27&EPHEM_TYPE=%27OBSERVER%27&CENTER=%27coord%40399%27&COORD_TYPE=%27GEODETIC%27&QUANTITIES=%271%2C2%2C4%2C6%2C12%2C13%2C20%2C24%27&EXTRA_PREC=%27YES%27&ANG_FORMAT=%27DEG%27&APPARENT=%27AIRLESS%27&CSV_FORMAT=%27YES%27&TIME_DIGITS=%27SECONDS%27&SITE_COORD=%2710.75%2C59.91%2C0.0%27&START_TIME=%272026-01-01%2000%3A00%27&STOP_TIME=%272026-12-31%2000%3A00%27&STEP_SIZE=%271%20d%27
# requested-utc: 2026-10-07T13:54:00Z
# body-sha256: 62d40ea168b563929413eb646a0133cc928940c87b377460b78621808727213a
# body-bytes: 95565
# complete: True
API VERSION: 1.2
API SOURCE: NASA/JPL Horizons API

*******************************************************************************
 Revised: Mar 12, 2021           Callisto / (Jupiter)                       504

 SATELLITE PHYSICAL PROPERTIES:
  Mean radius (km)      = 2410.3 +- 1.5       Density (g cm^-3)= 1.834 +- 0.004
  GM (km^3/s^2)         = 7179.2834 +- 0.0097 Geometric Albedo = 0.17  +- 0.02
                                              V(1,0)           = -1.05

 SATELLITE ORBIT (at J2000.0 epoch, 2000-Jan-1.5):
  Semi-major axis, a (km)~ 1,883,000          Orbital period   ~ 16.691    d
  Eccentricity, e        ~ 0.00744            Rotational period= Synchronous
  Inclination, i  (deg)  ~ 0.200 
*******************************************************************************


*******************************************************************************
Ephemeris / API_USER Wed Oct  7 06:54:01 2026 Pasadena, USA      / Horizons    
*******************************************************************************
Target body name: Callisto (504)                  {source: jup365_merged}
Center body name: Earth (399)                     {source: DE441}
Center-site name: (user defined site below)
*******************************************************************************
Start time      : A.D. 2026-Jan-01 00:00:00.0000 UT      
Stop  time      : A.D. 2026-Dec-31 00:00:00.0000 UT      
Step-size       : 1440 minutes
*******************************************************************************
Target pole/equ : IAU_CALLISTO                    {West-longitude positive}
Target radii    : 2410.3, 2410.3, 2410.3 km       {Equator_a, b, pole_c}       
Center geodetic : 10.75, 59.91, 0.0               {E-lon(deg),Lat(deg),Alt(km)}
Center cylindric: 10.75, 3205.78431, 5495.4568    {E-lon(deg),Dxy(km),Dz(km)}
Center pole/equ : ITRF93                          {East-longitude positive}
Center radii    : 6378.137, 6378.137, 6356.752 km {Equator_a, b, pole_c}       
Target primary  : Jupiter
Vis. interferer : MOON (R_eq= 1737.400) km        {source: DE441}
Rel. light bend : Sun                             {source: jup365_merged}
Rel. lght bnd GM: 1.3271E+11 km^3/s^2                                          
Atmos refraction: NO (AIRLESS)
RA format       : DEG
Time format     : CAL 
Calendar mode   : Mixed Julian/Gregorian
EOP file        : eop.261006.p270102                                           
EOP coverage    : DATA-BASED 1962-JAN-20 TO 2026-OCT-06. PREDICTS-> 2027-JAN-01
Units conversion: 1 au= 149597870.700 km, c= 299792.458 km/s, 1 day= 86400.0 s 
Table cut-offs 1: Elevation (-90.0deg=NO ),Airmass (>38.000=NO), Daylight (NO )
Table cut-offs 2: Solar elongation (  0.0,180.0=NO ),Local Hour Angle( 0.0=NO )
Table cut-offs 3: RA/DEC angular rate (     0.0=NO )                           
Table format    : Comma Separated Values (spreadsheet)
***************************************************************************************************************************************************************************************************************************************
 Date__(UT)__HR:MN:SS, , , R.A.___(ICRF), DEC____(ICRF),  R.A.__(a-app), DEC___(a-app), Azimuth_(a-app), Elevation_(a-app),   X_(sat-prim), Y_(sat-prim), SatPANG,  ang-sep, vis.,  Ang-diam,             delta,     deldot,     S-T-O,
***************************************************************************************************************************************************************************************************************************************
$$SOE
 2026-Jan-01 00:00:00, ,m, 112.663081807,  22.048502430,  113.058198899,  21.993217052,   177.517676854,      52.065346465,       -220.969,       51.961, 283.246, 226.9852,    *,  1.562331,  4.25429693727799, -1.4290289,    2.0159,
 2026-Jan-02 00:00:00, ,m, 112.590178859,  22.060186852,  112.985479782,  22.005051528,   179.114008712,      52.092775731,          0.782,       12.454,   3.592,  12.4782,    P,  1.562895,  4.25276210772399, -3.9284304,    1.8141,
 2026-Jan-03 00:00:00, ,m, 112.516446049,  22.071451005,  112.911934676,  22.016476079,   180.712665017,      52.105003882,        222.769,      -28.534,  97.287, 224.5956,    *,  1.563997,  4.24976457516239, -6.4137358,    1.6119,
 2026-Jan-04 00:00:00, ,m, 112.432698540,  22.083843846,  112.828373932,  22.029063199,   182.326626467,      52.103373059,        414.061,      -65.290,  98.937, 419.2033,    *,  1.565592,  4.24543491456674, -8.4679171,    1.4077,
 2026-Jan-05 00:00:00, ,m, 112.331090707,  22.098734173,  112.726948335,  22.044199236,   183.966945921,      52.088583281,        548.112,      -92.743,  99.572, 555.9519,    *,  1.567552,  4.24012754069171, -9.7406957,    1.1998,
 2026-Jan-06 00:00:00, ,m, 112.206132762,  22.117128366,  112.602168041,  22.062900444,   185.641124716,      52.060639911,        606.364,     -107.173,  99.988, 615.8250,    *,  1.569683,  4.23437002271071, -9.9880579,    0.9873,
 2026-Jan-07 00:00:00, ,m, 112.055411433,  22.139536028,  112.451623059,  22.085678350,   187.351941613,      52.018923887,        580.445,     -106.657, 100.378, 590.2223,    *,  1.571753,  4.22879349045283, -9.0991904,    0.7696,
 2026-Jan-08 00:00:00, ,m, 111.879948699,  22.165898975,  112.276339936,  22.112469114,   189.096854758,      51.962373141,        473.456,      -91.359, 100.894, 482.2321,    *,  1.573518,  4.22405055967378, -7.1117209,    0.5471,
 2026-Jan-09 00:00:00, ,m, 111.684159181,  22.195592589,  112.080736780,  22.142635601,   190.868054739,      51.889746202,        299.818,      -63.508, 101.942, 306.4893,    *,  1.574756,  4.22072891266630, -4.2115119,    0.3215,
 2026-Jan-10 00:00:00, ,m, 111.475362514,  22.227505468,  111.872134124,  22.175048216,   192.653242653,      51.799922575,         83.581,      -27.114, 107.968,  87.8715,    *,  1.575301,  4.21926972791198, -0.7156247,    0.1005,
 2026-Jan-11 00:00:00, , , 111.262853384,  22.260192282,  111.659824693,  22.208239681,   194.437124739,      51.692176783,       -144.626,       12.593, 274.985, 145.1711,    *,  1.575065,  4.21990136840297,  2.9637638,    0.1502,
 2026-Jan-12 00:00:00, , , 111.056612011,  22.292080928,  111.453784527,  22.240614941,   196.203477414,      51.566358991,       -352.009,       49.937, 278.095, 355.5165,    *,  1.574059,  4.22259963623844,  6.3748074,    0.3740,
 2026-Jan-13 00:00:00, , , 110.865825641,  22.321703436,  111.263195613,  22.270685342,   197.937484319,      51.422933734,       -508.312,       79.599, 278.930, 514.4670,    *,  1.572389,  4.22708429070635,  9.0944999,    0.5981,
 2026-Jan-14 00:00:00, , , 110.697470273,  22.347912265,  111.095028755,  22.297288159,   199.627929982,      51.262866241,       -590.741,       97.447, 279.401, 598.6679,    *,  1.570245,  4.23285609548870, 10.7983033,    0.8180,
 2026-Jan-15 00:00:00, , , 110.555226958,  22.370044368,  110.952960747,  22.319753150,   201.268815431,      51.087391444,       -587.438,      101.109, 279.800, 596.0179,    *,  1.567869,  4.23927090058040, 11.3160885,    1.0327,
 2026-Jan-16 00:00:00, , , 110.438946049,  22.388006331,  110.836839104,  22.337988859,   202.860075242,      50.897734841,       -499.303,       90.303, 280.281, 507.3596,    *,  1.565517,  4.24563841447278, 10.6600200,    1.2423,
 2026-Jan-17 00:00:00, , , 110.344753545,  22.402269623,  110.742788488,  22.352477427,   204.407285736,      50.694860693,       -339.630,       66.805, 281.148, 346.1155,    *,  1.563422,  4.25132735241252,  9.0185144,    1.4476,
 2026-Jan-18 00:00:00, , , 110.265745326,  22.413782704,  110.663904868,  22.364184793,   205.920484400,      50.479304197,       -131.779,       34.137, 284.531, 136.1244,    *,  1.561758,  4.25585802245700,  6.7202785,    1.6501,
 2026-Jan-19 00:00:00, , , 110.193091974,  22.423821235,  110.591360204,  22.374407984,   207.412403828,      50.251110594,         94.408,       -2.971,  91.797,  94.4552,    *,  1.560617,  4.25896776874409,  4.1776702,    1.8516,
 2026-Jan-20 00:00:00, , , 110.117344391,  22.433801789,  110.515708086,  22.384585510,   208.896458889,      50.009876236,        307.174,      -39.297,  97.272, 309.6892,    *,  1.560005,  4.26064080685889,  1.8231849,    2.0539,
 2026-Jan-21 00:00:00, , , 110.029743719,  22.445085188,  110.428193707,  22.396097536,   210.384789246,      49.754872293,        476.992,      -69.814,  98.299, 482.1069,    *,  1.559835,  4.26110295530790,  0.0520674,    2.2583,
 2026-Jan-22 00:00:00, , , 109.923371407,  22.458794592,  110.321903942,  22.410081440,   211.886602743,      49.485226681,        580.539,      -90.378,  98.815, 587.5836,    *,  1.559952,  4.26078568190485, -0.8257029,    2.4661,
 2026-Jan-23 00:00:00, , , 109.794037598,  22.475667806,  110.192655489,  22.427282437,   213.406969222,      49.200141470,        603.556,      -98.253,  99.211, 611.5594,    *,  1.560142,  4.26026621547801, -0.6200784,    2.6776,
 2026-Jan-24 00:00:00, , , 109.640835482,  22.495960013,  110.039548489,  22.447955584,   214.946157732,      48.899122783,        542.740,      -92.480,  99.638, 550.6123,    *,  1.560169,  4.26019136336462,  0.7173357,    2.8924,
 2026-Jan-25 00:00:00, , , 109.466312106,  22.519408390,  109.865136229,  22.471830592,   216.499573041,      48.582193445,        406.263,      -73.993, 100.298, 412.9757,    *,  1.559803,  4.26119275085377,  3.0854591,    3.1095,
 2026-Jan-26 00:00:00, ,m, 109.276214176,  22.545265609,  109.675169513,  22.498146398,   218.058318760,      48.250049256,        212.854,      -45.488, 102.050, 217.6694,    *,  1.558848,  4.26380179058230,  6.2409596,    3.3274,
 2026-Jan-27 00:00:00, ,m, 109.078793622,  22.572401709,  109.477900762,  22.525754873,   219.610369379,      47.904112845,        -10.320,      -11.081, 222.965,  15.1422,    t,  1.557178,  4.26837374721641,  9.8229426,    3.5439,
 2026-Jan-28 00:00:00, ,m, 108.883712245,  22.599463628,  109.282987513,  22.553282732,   221.142239817,      47.546448383,       -231.492,       24.305, 276.007, 232.7590,    *,  1.554753,  4.27503175813121, 13.3974078,    3.7572,
 2026-Jan-29 00:00:00, ,m, 108.700661414,  22.625071261,  109.100111803,  22.579330200,   222.640944508,      47.179525017,       -418.733,       55.634, 277.593, 422.3894,    *,  1.551628,  4.28364159110444, 16.5182718,    3.9654,
 2026-Jan-30 00:00:00, ,m, 108.537904443,  22.648019224,  108.937523577,  22.602675198,   224.095934459,      46.805858987,       -544.907,       78.520, 278.232, 550.4928,    *,  1.547948,  4.29382480796596, 18.7975888,    4.1671,
 2026-Jan-31 00:00:00, ,m, 108.400997354,  22.667451497,  108.800764134,  22.622449962,   225.500668826,      46.427606407,       -591.819,       89.840, 278.667, 598.5464,    *,  1.543926,  4.30501167230721, 19.9700337,    4.3619,
 2026-Feb-01 00:00:00, ,m, 108.291940691,  22.682979237,  108.691821699,  22.638260234,   226.853522793,      46.046202508,       -553.116,       88.194, 279.092, 560.0541,    *,  1.539808,  4.31652605554586, 19.9379179,    4.5500,
 2026-Feb-02 00:00:00, ,m, 108.208932473,  22.694723818,  108.608887961,  22.650229108,   228.157868008,      45.662136808,       -435.130,       74.057, 279.685, 441.3547,    *,  1.535836,  4.32768855344196, 18.7871559,    4.7324,
 2026-Feb-03 00:00:00, ,m, 108.146734971,  22.703284020,  108.546726639,  22.658964304,   229.421373010,      45.274908656,       -255.498,       49.640, 281.010, 260.2632,    *,  1.532214,  4.33791850634373, 16.7681565,    4.9108,
 2026-Feb-04 00:00:00, ,m, 108.097558761,  22.709636172,  108.497556789,  22.665457480,   230.654695000,      44.883163223,        -40.390,       18.543, 294.663,  44.4424,    *,  1.529077,  4.34681679515569, 14.2500446,    5.0870,
 2026-Feb-05 00:00:00, ,m, 108.052270749,  22.714986780,  108.452258187,  22.670934900,   231.869838242,      44.484964636,        179.657,      -14.801,  94.699, 180.2687,    *,  1.526479,  4.35421735195758, 11.6603192,    5.2626,
 2026-Feb-06 00:00:00, ,m, 108.001706467,  22.720601682,  108.401680321,  22.676683800,   233.078465090,      44.078144142,        373.953,      -45.738,  96.951, 376.7573,    *,  1.524383,  4.36020266371115,  9.4222791,    5.4394,
 2026-Feb-07 00:00:00, ,m, 107.937902700,  22.727634637,  108.337872310,  22.683877807,   234.290385447,      43.660665761,        515.893,      -70.044,  97.701, 520.6621,    *,  1.522678,  4.36508505817571,  7.9004686,    5.6182,
 2026-Feb-08 00:00:00, , , 107.855117500,  22.736975750,  108.255101178,  22.693422452,   235.512380580,      43.230965204,        586.201,      -84.451,  98.163, 592.3029,    *,  1.521188,  4.36935994554319,  7.3583713,    5.7993,
 2026-Feb-09 00:00:00, , , 107.750552690,  22.749136245,  108.150573596,  22.705837727,   236.747451676,      42.788231153,        575.340,      -87.081,  98.573, 581.9433,    *,  1.519700,  4.37363843585368,  7.9294347,    5.9825,
 2026-Feb-10 00:00:00, , , 107.624725637,  22.764182162,  108.024807547,  22.721190498,   237.994538667,      42.332604539,        484.853,      -77.694,  99.075, 491.0759,    *,  1.517990,  4.37856715889311,  9.6017887,    6.1666,
 2026-Feb-11 00:00:00, , , 107.481446749,  22.781726056,  107.881610131,  22.739085990,   239.248735531,      41.865268737,        327.154,      -57.708,  99.984, 332.2232,    *,  1.515851,  4.38474319508533, 12.2167023,    6.3502,
 2026-Feb-12 00:00:00, , , 107.327379325,  22.800979803,  107.727637977,  22.758721456,   240.501996026,      41.388403111,        124.197,      -30.017, 103.580, 127.7762,    *,  1.513129,  4.39263246140325, 15.4823708,    6.5312,
 2026-Feb-13 00:00:00, , , 107.171196516,  22.820863672,  107.571555052,  22.778997141,   241.744268965,      40.904983017,        -95.475,        1.424, 270.860,  95.4851,    *,  1.509737,  4.40250114787612, 19.0061944,    6.7078,
 2026-Feb-14 00:00:00, , , 107.022397897,  22.840159385,  107.422850267,  22.798672070,   242.964952710,      40.418426270,       -300.478,       32.140, 276.123, 302.1822,    *,  1.505677,  4.41437158900682, 22.3458310,    6.8781,
 2026-Feb-15 00:00:00, , , 106.889924916,  22.857686358,  107.290454268,  22.816543496,   244.154480549,      39.932122235,       -461.356,       57.807, 277.169, 464.9364,    *,  1.501039,  4.42801137752418, 25.0728751,    7.0411,
 2026-Feb-16 00:00:00, , , 106.780801949,  22.872472933,  107.181382057,  22.831621359,   245.305778167,      39.448922403,       -555.036,       74.869, 277.715, 560.0207,    *,  1.495989,  4.44296143764314, 26.8417401,    7.1963,
 2026-Feb-17 00:00:00, , , 106.699052918,  22.883894820,  107.099651314,  22.843269366,   246.415332816,      38.970695660,       -568.347,       81.046, 278.150, 574.0504,    *,  1.490741,  4.45860170930436, 27.4485693,    7.3439,
 2026-Feb-18 00:00:00, , , 106.645107626,  22.891758587,  107.045690251,  22.851290177,   247.483676527,      38.498047352,       -500.071,       75.642, 278.631, 505.7209,    *,  1.485529,  4.47424444042934, 26.8659339,    7.4851,
 2026-Feb-19 00:00:00, , , 106.615804711,  22.896318952,  107.016341485,  22.855943174,   248.515215333,      38.030260690,       -360.817,       59.601, 279.401, 365.6848,    *,  1.480567,  4.48923826016500, 25.2447618,    7.6215,
 2026-Feb-20 00:00:00, , , 106.604966267,  22.898230467,  107.005436445,  22.857895472,   249.517468744,      37.565465616,       -171.266,       35.341, 281.670, 174.8681,    *,  1.476022,  4.50306394485792, 22.8847024,    7.7548,
 2026-Feb-21 00:00:00, , , 106.604400244,  22.898445128,  107.004796205,  22.858117841,   250.499896816,      37.100986782,         41.357,        6.352,  81.265,  41.8415,    *,  1.471987,  4.51540599251681, 20.1817611,    7.8869,
 2026-Feb-22 00:00:00, , , 106.605126930,  22.898074106,  107.005455239,  22.857743951,   251.472543516,      36.633791183,        247.151,      -23.283,  95.367, 248.2513,    *,  1.468480,  4.52619043959888, 17.5659732,    8.0192,
 2026-Feb-23 00:00:00, ,m, 106.598628171,  22.898234159,  106.998907490,  22.857913779,   252.444707648,      36.160955856,        417.762,      -49.469,  96.728, 420.7021,    *,  1.465438,  4.53558687465242, 15.4415001,    8.1528,
 2026-Feb-24 00:00:00, ,m, 106.577956679,  22.899898976,  106.978212994,  22.859621752,   253.423807588,      35.680090921,        530.079,      -68.640,  97.347, 534.5414,    *,  1.462731,  4.54397844394282, 14.1363379,    8.2878,
 2026-Feb-25 00:00:00, ,m, 106.538602459,  22.903772113,  106.938862792,  22.863586690,   254.414537976,      35.189678859,        569.070,      -78.226,  97.793, 574.4661,    *,  1.460184,  4.55190664825722, 13.8661765,    8.4241,
 2026-Feb-26 00:00:00, ,m, 106.479049596,  22.910195988,  106.879335718,  22.870158360,   255.418380005,      34.689304216,        529.694,      -76.991,  98.238, 535.3011,    *,  1.457592,  4.55999946689954, 14.7117488,    8.5604,
 2026-Feb-27 00:00:00, ,m, 106.400973531,  22.919107902,  106.801297151,  22.879272072,   256.433504091,      34.179752587,        417.419,      -65.176,  98.849, 422.5041,    *,  1.454756,  4.56888945496492, 16.6075927,    8.6955,
 2026-Feb-28 00:00:00, ,m, 106.309065297,  22.930047629,  106.709425792,  22.890456119,   257.455061912,      33.662968501,        247.832,      -44.498, 100.164, 251.8058,    *,  1.451503,  4.57912982546830, 19.3464637,    8.8274,
 2026-Mar-01 00:00:00, ,m, 106.210462448,  22.942219117,  106.610847546,  22.902894842,   258.475863769,      33.141858940,         44.541,      -17.892, 111.882,  48.0013,    *,  1.447713,  4.59111760277149, 22.5995277,    8.9543,
 2026-Mar-02 00:00:00, ,m, 106.113813547,  22.954600594,  106.514202513,  22.915541639,   259.487393075,      32.619943622,       -163.821,       10.876, 273.808, 164.1802,    *,  1.443338,  4.60503348760322, 25.9544051,    9.0748,
 2026-Mar-03 00:00:00, ,m, 106.028067890,  22.966089329,  106.428436080,  22.927267689,   260.481045893,      32.100882583,       -347.641,       37.751, 276.218, 349.6713,    *,  1.438410,  4.62080889058938, 28.9705417,    9.1876,
 2026-Mar-04 00:00:00, ,m, 105.961153425,  22.975660464,  106.361476777,  22.937025128,   261.449423727,      31.587945433,       -480.678,       58.964, 277.022, 484.2524,    *,  1.433039,  4.63812849608832, 31.2453484,    9.2924,
 2026-Mar-05 00:00:00, ,m, 105.918765168,  22.982515050,  106.319023531,  22.943998840,   262.387467089,      31.083514850,       -544.057,       71.577, 277.527, 548.7060,    *,  1.427394,  4.65647157988118, 32.4802131,    9.3895,
 2026-Mar-06 00:00:00, ,m, 105.903493160,  22.986193523,  106.303672063,  22.947722355,   263.293224232,      30.588724551,       -529.263,       73.912, 277.982, 534.3591,    *,  1.421680,  4.67518789389661, 32.5315896,    9.4800,
 2026-Mar-07 00:00:00, ,m, 105.914459926,  22.986636888,  106.314550987,  22.948139750,   264.168114508,      30.103308196,       -439.152,       65.749, 278.541, 444.0170,    *,  1.416104,  4.69359553088580, 31.4345906,    9.5654,
 2026-Mar-08 00:00:00, ,m, 105.947528016,  22.984187395,  106.347528499,  22.945605343,   265.016650308,      29.625687891,       -287.468,       48.355, 279.566, 291.4930,    *,  1.410847,  4.71108297783438, 29.3937454,    9.6476,
 2026-Mar-09 00:00:00, , , 105.996009296,  22.979531502,  106.395921258,  22.940824429,   265.845700518,      29.153271942,        -96.379,       24.255, 284.132,  99.3814,    *,  1.406038,  4.72719713400646, 26.7450629,    9.7283,
 2026-Mar-10 00:00:00, , , 106.051708999,  22.973597416,  106.451538237,  22.934747803,   266.663460484,      28.682889162,        106.928,       -3.134,  91.673, 106.9746,    u,  1.401737,  4.74170361693094, 23.8996407,    9.8091,
 2026-Mar-11 00:00:00, , , 106.106107898,  22.967424208,  106.505862707,  22.928437691,   267.478315094,      28.211274261,        294.226,      -30.000,  95.804, 295.7609,    *,  1.397931,  4.75461188398190, 21.2808776,    9.8907,
 2026-Mar-12 00:00:00, , , 106.151512036,  22.962020248,  106.551201741,  22.922923152,   268.297754414,      27.735531164,        440.048,      -52.646,  96.796, 443.2095,    *,  1.394542,  4.76616590018904, 19.2689660,    9.9735,
 2026-Mar-13 00:00:00, , , 106.182029000,  22.958229535,  106.581662234,  22.919063862,   269.127469644,      27.253518400,        524.840,      -67.979,  97.349, 529.2602,    *,  1.391436,  4.77680554134178, 18.1557082,   10.0573,
 2026-Mar-14 00:00:00, , , 106.194285852,  22.956621219,  106.593868706,  22.917437724,   269.970708279,      26.764123727,        537.508,      -73.929,  97.799, 542.6090,    *,  1.388442,  4.78710569569838, 18.1125387,   10.1410,
 2026-Mar-15 00:00:00, , , 106.187836873,  22.957414661,  106.587371244,  22.918264772,   270.827932728,      26.267410900,        476.579,      -69.700,  98.292, 481.6828,    *,  1.385376,  4.79770069035739, 19.1718712,   10.2233,
 2026-Mar-16 00:00:00, , , 106.165230593,  22.960448805,  106.564713189,  22.921376223,   271.696805163,      25.764629063,        350.540,      -55.901,  99.040, 354.9890,    *,  1.382063,  4.80920185705435, 21.2219232,   10.3025,
 2026-Mar-17 00:00:00, , , 106.131713899,  22.965201188,  106.531136458,  22.926234200,   272.572510077,      25.258077778,        176.761,      -34.451, 101.018, 180.0934,    *,  1.378362,  4.82211610181572, 24.0156493,   10.3769,
 2026-Mar-18 00:00:00, , , 106.094575949,  22.970856359,  106.493926999,  22.932002003,   273.448401170,      24.750829402,        -20.559,       -8.354, 247.888,  22.1910,    *,  1.374184,  4.83677424493150, 27.1961214,   10.4449,
 2026-Mar-19 00:00:00, , , 106.062174188,  22.976417245,  106.461442153,  22.937658510,   274.316924382,      24.246325956,       -213.677,       18.726, 275.021, 214.4923,    *,  1.369511,  4.85327926162532, 30.3398121,   10.5056,
 2026-Mar-20 00:00:00, , , 106.042747329,  22.980845646,  106.441924028,  22.942142586,   275.170711863,      23.747895698,       -375.281,       42.983, 276.556, 377.7183,    *,  1.364393,  4.87148409490163, 33.0151203,   10.5585,
 2026-Mar-21 00:00:00, , , 106.043189555,  22.983211367,  106.442272567,  22.944506216,   276.003688005,      23.258261802,       -482.411,       60.998, 277.235, 486.2224,    *,  1.358947,  4.89100621309353, 34.8492933,   10.6040,
 2026-Mar-22 00:00:00, , , 106.067994976,  22.982827122,  106.466987609,  22.944052536,   276.812002234,      22.779130995,       -520.123,       70.259, 277.724, 524.8102,    *,  1.353338,  4.91127998454404, 35.5897102,   10.6430,
 2026-Mar-23 00:00:00, , , 106.118576137,  22.979346867,  106.517484838,  22.940435548,   277.594614514,      22.310944564,       -483.634,       69.503, 278.207, 488.5682,    *,  1.347751,  4.93163932838447, 35.1463011,   10.6771,
 2026-Mar-24 00:00:00, ,m, 106.193094805,  22.972811537,  106.591925170,  22.933705182,   278.353418587,      21.852845703,       -379.002,       58.900, 278.856, 383.5293,    *,  1.342367,  4.95141758631993, 33.6066967,   10.7079,
 2026-Mar-25 00:00:00, ,m, 106.286807987,  22.963638100,  106.685561198,  22.924294151,   279.092909671,      21.402856976,       -221.837,       39.989, 280.232, 225.4036,    *,  1.337336,  4.97004621192066, 31.2175674,   10.7373,
 2026-Mar-26 00:00:00, ,m, 106.392844812,  22.952554853,  106.791515926,  22.912950237,   279.819473754,      20.958225649,        -34.814,       15.453, 293.938,  38.0889,    *,  1.332753,  4.98713478350187, 28.3402684,   10.7667,
 2026-Mar-27 00:00:00, ,m, 106.503247914,  22.940495346,  106.901826435,  22.900627134,   280.540447557,      20.515861376,        155.768,      -11.274,  94.131, 156.1772,    *,  1.328654,  5.00252073265196, 25.3922858,   10.7970,
 2026-Mar-28 00:00:00, ,m, 106.610092322,  22.928468237,  107.008564626,  22.888351653,   281.263113659,      20.072786610,        323.786,      -36.498,  96.412, 325.8489,    *,  1.325009,  5.01628403174847, 22.7864816,   10.8286,
 2026-Mar-29 00:00:00, ,m, 106.706524981,  22.917421107,  107.104877689,  22.877085533,   281.993770445,      19.626535642,        446.615,      -56.748,  97.215, 450.2320,    *,  1.321730,  5.02872882753752, 20.8784351,   10.8612,
 2026-Mar-30 00:00:00, ,m, 106.787612269,  22.908115210,  107.185835500,  22.867598872,   282.736975660,      19.175461485,        508.032,      -69.246,  97.731, 512.7649,    *,  1.318685,  5.04033795366769, 19.9256078,   10.8939,
 2026-Mar-31 00:00:00, ,m, 106.850928713,  22.901025090,  107.249018401,  22.860369093,   283.495024264,      18.718929204,        500.030,      -72.254,  98.192, 505.2598,    *,  1.315717,  5.05170769074875, 20.0599082,   10.9256,
 2026-Apr-01 00:00:00, ,m, 106.896847245,  22.896274178,  107.294805923,  22.855516461,   284.267696479,      18.257386165,        423.964,      -65.335,  98.735, 428.9968,    *,  1.312661,  5.06347049905193, 21.2733185,   10.9545,
 2026-Apr-02 00:00:00, ,m, 106.928502578,  22.893614737,  107.326338546,  22.852784475,   285.052299359,      17.792304845,        290.305,      -49.406,  99.641, 294.4935,    *,  1.309366,  5.07621310612805, 23.4164639,   10.9792,
 2026-Apr-03 00:00:00, ,m, 106.951415937,  22.892456260,  107.349141056,  22.851569251,   285.844010544,      17.325999044,        117.430,      -26.641, 102.775, 120.4174,    *,  1.305717,  5.09039791747482, 26.2116073,   10.9982,
 2026-Apr-04 00:00:00, ,m, 106.972794739,  22.891941182,  107.370421515,  22.850996708,   286.636508843,      16.861324275,        -70.642,       -0.191, 269.849,  70.6424,    *,  1.301652,  5.10629646872683, 29.2821771,   11.0104,
 2026-Apr-05 00:00:00, ,m, 107.000560920,  22.891060618,  107.398099622,  22.850040332,   287.422840298,      16.401289053,       -247.555,       26.243, 276.066, 248.9356,    *,  1.297168,  5.12394548265778, 32.2006710,   11.0156,
 2026-Apr-06 00:00:00, ,m, 107.042212996,  22.888796680,  107.439669411,  22.847665884,   288.196425878,      15.948622059,       -388.312,       48.928, 277.205, 391.3633,    *,  1.292329,  5.14313427293826, 34.5485490,   11.0138,
 2026-Apr-07 00:00:00, , , 107.103700933,  22.884269904,  107.501075153,  22.842981270,   288.952053314,      15.505366775,       -473.144,       64.659, 277.810, 477.5105,    *,  1.287249,  5.16342893379434, 35.9820309,   11.0061,
 2026-Apr-08 00:00:00, , , 107.188515767,  22.876868084,  107.585802037,  22.835367377,   289.686679255,      15.072578539,       -490.338,       71.199, 278.291, 495.4451,    *,  1.282083,  5.18423300216491, 36.2900484,   10.9937,
 2026-Apr-09 00:00:00, , , 107.297170137,  22.866335107,  107.694357583,  22.824568046,   290.399888336,      14.650185466,       -438.108,       67.634, 278.802, 443.2677,    *,  1.276999,  5.20487579300978, 35.4301197,   10.9784,
 2026-Apr-10 00:00:00, , , 107.427165637,  22.852805566,  107.824239574,  22.810724646,   291.093927472,      14.237037818,       -324.637,       54.474, 279.545, 329.1577,    *,  1.272150,  5.22471271057000, 33.5332535,   10.9618,
 2026-Apr-11 00:00:00, , , 107.573436903,  22.836780881,  107.970380461,  22.794351022,   291.773322268,      13.831129476,       -166.604,       33.577, 281.405, 169.9481,    *,  1.267660,  5.24321938748288, 30.8783469,   10.9453,
 2026-Apr-12 00:00:00, , , 107.729159873,  22.819053550,  108.125955762,  22.776255625,   292.444173245,      13.429936514,         13.465,        7.861,  59.721,  15.5918,    O,  1.263601,  5.26006382336529, 27.8433618,   10.9300,
 2026-Apr-13 00:00:00, , , 107.886760504,  22.800593364,  108.283392986,  22.757425161,   293.113270471,      13.030805413,        190.580,      -19.112,  95.716, 191.5393,    *,  1.259988,  5.27514661663894, 24.8458092,   10.9161,
 2026-Apr-14 00:00:00, , , 108.038954747,  22.782413504,  108.435411926,  22.738888167,   293.787175708,      12.631324785,        340.610,      -43.616,  97.277, 343.4064,    *,  1.256781,  5.28860675396535, 22.2845749,   10.9036,
 2026-Apr-15 00:00:00, , , 108.179680882,  22.765434938,  108.575957395,  22.721577393,   294.471392550,      12.229633397,        443.569,      -62.278,  97.966, 447.9475,    *,  1.253891,  5.30079594441990, 20.4901414,   10.8915,
 2026-Apr-16 00:00:00, , , 108.304836910,  22.750364614,  108.700936625,  22.706206839,   295.169703314,      11.824638658,        485.909,      -72.504,  98.458, 491.3239,    *,  1.251192,  5.31222799244816, 19.6885372,   10.8789,
 2026-Apr-17 00:00:00, , , 108.412766687,  22.737601160,  108.808704378,  22.693177281,   295.883726888,      11.416132262,        462.230,      -72.839,  98.928, 467.9679,    *,  1.248541,  5.32351130381065, 19.9781589,   10.8641,
 2026-Apr-18 00:00:00, , , 108.504455042,  22.727179165,  108.900255519,  22.682521072,   296.612733415,      11.004797856,        375.896,      -63.159,  99.516, 381.1893,    *,  1.245789,  5.33527086133682, 21.3171217,   10.8457,
 2026-Apr-19 00:00:00, , , 108.583423198,  22.718757760,  108.979116813,  22.673891386,   297.353725157,      10.592115599,        238.710,      -44.721, 100.597, 242.8736,    *,  1.242808,  5.34806711208318, 23.5253311,   10.8223,
 2026-Apr-20 00:00:00, , , 108.655306544,  22.711658705,  109.050921720,  22.666600702,   298.101801188,      10.180165884,         69.518,      -20.016, 106.058,  72.3441,    *,  1.239504,  5.36232009636724, 26.3007932,   10.7930,
 2026-Apr-21 00:00:00,A,m, 108.727131402,  22.704952597,  109.122686752,  22.659707203,   298.850791581,       9.771347203,       -108.290,        7.560, 274.000, 108.5523,    *,  1.235834,  5.37824785959907, 29.2531041,   10.7572,
 2026-Apr-22 00:00:00,A,m, 108.806352715,  22.697584929,  109.201851780,  22.652141549,   299.594106819,       9.368038521,       -269.805,       34.144, 277.228, 271.9475,    *,  1.231807,  5.39582921841271, 31.9538290,   10.7151,
 2026-Apr-23 00:00:00,A,m, 108.899773484,  22.688525839,  109.295203896,  22.642858310,   300.325696306,       8.972253249,       -392.333,       55.976, 278.143, 396.2843,    *,  1.227491,  5.41479941705890, 33.9988423,   10.6674,
 2026-Apr-24 00:00:00,A,m, 109.012519383,  22.676920835,  109.407856117,  22.630989274,   301.040964729,       8.585343120,       -458.696,       69.935, 278.696, 463.9649,    *,  1.223000,  5.43468314802445, 35.0733034,   10.6155,
 2026-Apr-25 00:00:00,A,m, 109.147255390,  22.662217724,  109.542466463,  22.615973034,   301.737481101,       8.207807547,       -459.910,       74.015, 279.170, 465.7938,    *,  1.218476,  5.45486232237597, 35.0046478,   10.5609,
 2026-Apr-26 00:00:00,A,m, 109.303798065,  22.644247825,  109.698850828,  22.597638111,   302.415341867,       7.839246702,       -396.412,       67.609, 279.702, 402.1097,    *,  1.214068,  5.47466792356378, 33.7913072,   10.5052,
 2026-Apr-27 00:00:00,A,m, 109.479192571,  22.623248193,  109.874059204,  22.576225791,   303.077124574,       7.478463483,       -277.846,       51.594, 280.536, 282.5821,    *,  1.209911,  5.49347954791169, 31.6001621,   10.4499,
 2026-Apr-28 00:00:00,A,m, 109.668218529,  22.599823234,  110.062879983,  22.552351025,   303.727458656,       7.123686695,       -121.466,       28.204, 283.080, 124.6941,    *,  1.206105,  5.51081467667920, 28.7347193,   10.3959,
 2026-Apr-29 00:00:00,A,m, 109.864203172,  22.574855025,  110.258651243,  22.526910991,   304.372316407,       6.772864334,         50.711,        0.671,  89.239,  50.7159,    *,  1.202705,  5.52639356191943, 25.5840105,   10.3437,
 2026-Apr-30 00:00:00,A,m, 110.059979994,  22.549379106,  110.454217557,  22.500958584,   305.018164387,       6.423970133,        214.956,      -27.203,  97.200, 216.6761,    *,  1.199714,  5.54017121209871, 22.5621997,   10.2932,
 2026-May-01 00:00:00,A,m, 110.248851816,  22.524443231,  110.642891434,  22.475558672,   305.671100367,       6.075278730,        349.136,      -51.588,  98.385, 352.9448,    *,  1.197085,  5.55233571642695, 20.0538033,   10.2437,
 2026-May-02 00:00:00,A,m, 110.425434518,  22.500968238,  110.819295812,  22.451646684,   306.336086328,       5.725576681,        435.426,      -69.111,  98.993, 440.9067,    *,  1.194731,  5.56327741321565, 18.3679424,   10.1942,
 2026-May-03 00:00:00,A,m, 110.586303567,  22.479626922,  110.980009834,  22.429905602,   307.016350194,       5.374293253,        462.562,      -77.322,  99.463, 469.0155,    *,  1.192532,  5.57353490407160, 17.7042525,   10.1433,
 2026-May-04 00:00:00,A,m, 110.730399174,  22.460753411,  111.123973748,  22.410674071,   307.713000823,       5.021546391,        427.124,      -75.007,  99.935, 433.6912,    *,  1.190356,  5.58372510769574, 18.1317594,   10.0895,
 2026-May-05 00:00:00,A, , 110.859160180,  22.444293296,  111.252622999,  22.393895929,   308.424885715,       4.668105827,        333.939,      -62.364, 100.558, 339.7325,    *,  1.188071,  5.59446463779031, 19.5799184,   10.0316,
 2026-May-06 00:00:00,A, , 110.976365848,  22.429801997,  111.369730591,  22.379118771,   309.148711781,       4.315279103,        195.675,      -41.022, 101.829, 199.9362,    *,  1.185565,  5.60628967087730, 21.8426326,    9.9685,
 2026-May-07 00:00:00,A, , 111.087679966,  22.416494829,  111.480951994,  22.365544975,   309.879440565,       3.964728796,         31.222,      -13.845, 113.913,  34.1547,    *,  1.182760,  5.61958251891708, 24.5979407,    9.8997,
 2026-May-08 00:00:00,A, , 111.199916455,  22.403347103,  111.593091795,  22.352133502,   310.610941370,       3.618238664,       -136.634,       15.420, 276.447, 137.4993,    *,  1.179626,  5.63451448270682, 27.4446776,    9.8252,
 2026-May-09 00:00:00,A, , 111.320096855,  22.389234071,  111.713162362,  22.337742083,   311.336840196,       3.277457597,       -284.468,       42.679, 278.549, 287.6398,    *,  1.176182,  5.65101479586917, 29.9558050,    9.7457,
 2026-May-10 00:00:00,N, , 111.454426054,  22.373092132,  111.847360827,  22.321290874,   312.051452033,       2.943659918,       -391.482,       64.048, 279.314, 396.6624,    *,  1.172497,  5.66877395073297, 31.7425942,    9.6622,
 2026-May-11 00:00:00,N, , 111.607353060,  22.354076502,  112.000131233,  22.301922422,   312.750646307,       2.617563610,       -442.737,       76.450, 279.823, 449.2562,    *,  1.168681,  5.68728434515053, 32.5171124,    9.5762,
 2026-May-12 00:00:00,N, , 111.780894265,  22.331687916,  112.173489067,  22.279130122,   313.432482427,       2.299242078,       -431.419,       78.082, 280.284, 438.3954,    *,  1.164865,  5.70591320220587, 32.1401413,    9.4892,
 2026-May-13 00:00:00,N, , 111.974355409,  22.305845612,  112.366744166,  22.252832190,   314.097487030,       1.988147678,       -359.704,       68.664, 280.828, 366.1746,    *,  1.161185,  5.72399672919031, 30.6446055,    9.4028,
 2026-May-14 00:00:00,N, , 112.184485004,  22.276896828,  112.576654289,  22.223381391,   314.748540604,       1.683234761,       -238.320,       49.486, 281.744, 243.3922,    *,  1.157758,  5.74093832238094, 28.2262539,    9.3178,
 2026-May-15 00:00:00,N, , 112.406014764,  22.245562617,  112.797964239,  22.191510407,   315.390407151,       1.383153829,        -84.665,       23.189, 285.322,  87.7815,    *,  1.154670,  5.75629321024954, 25.2074198,    9.2349,
 2026-May-16 00:00:00,N, , 112.632463981,  22.212832175,  113.024207142,  22.158225068,   316.029014495,       1.086474966,         79.748,       -6.595,  94.723,  80.0202,    u,  1.151962,  5.76982664371995, 21.9834003,    9.1540,
 2026-May-17 00:00:00,N, , 112.857057557,  22.179824333,  113.248618122,  22.124663861,   316.670618988,       0.791900011,        232.500,      -35.785,  98.737, 235.2459,    *,  1.149628,  5.78153911197235, 18.9640746,    9.0746,
 2026-May-18 00:00:00,N, , 113.073619001,  22.147636921,  113.465023717,  22.091944275,   317.320981157,       0.498432756,        353.123,      -60.377,  99.682, 358.2677,    *,  1.147619,  5.79165899333560, 16.5205441,    8.9957,
 2026-May-19 00:00:00,N, , 113.277336133,  22.117202704,  113.668606893,  22.061015149,   317.984647639,       0.205490583,        425.665,      -76.970, 100.225, 432.6000,    *,  1.145849,  5.80060711852146, 14.9419048,    8.9160,
 2026-May-20 00:00:00,N,m, 113.465335819,  22.089167110,  113.856484601,  22.032531269,   318.664401055,      -0.087046822,        440.642,      -83.216, 100.669, 448.4659,    *,  1.144205,  5.80893991092098, 14.4044094,    8.8342,
 2026-May-21 00:00:00,N,m, 113.637026312,  22.063800485,  114.028054517,  22.006764099,   319.360920165,      -0.378849279,        396.142,      -78.136, 101.135, 403.8044,    *,  1.142565,  5.81727811181785, 14.9522440,    8.7490,
 2026-May-22 00:00:00,N,m, 113.794180142,  22.040954842,  114.185081323,  21.983558863,   320.072680059,      -0.669202824,        298.189,      -62.285, 101.781, 304.6420,    *,  1.140810,  5.82622785998637, 16.4906006,    8.6593,
 2026-May-23 00:00:00,N,m, 113.940737440,  22.020072701,  114.331501086,  21.962345085,   320.796113942,      -0.957122900,        159.962,      -37.695, 103.251, 164.3488,    *,  1.138841,  5.83630157243698, 18.7919584,    8.5647,
 2026-May-24 00:00:00,N,m, 114.082327698,  22.000250948,  114.472942313,  21.942202795,   321.526041715,      -1.241501811,          0.376,       -7.678, 177.195,   7.6874,    t,  1.136593,  5.84784667931535, 21.5178764,    8.4649,
 2026-May-25 00:00:00,N,m, 114.225537559,  21.980356332,  114.615992391,  21.921980512,   322.256341551,      -1.521272476,       -158.491,       23.629, 278.489, 160.2389,    *,  1.134043,  5.86099263293403, 24.2600857,    8.3605,
 2026-May-26 00:00:00,N,m, 114.376988565,  21.959182314,  114.767274244,  21.900454607,   322.980807332,      -1.795566575,       -294.429,       51.823, 279.999, 298.9399,    *,  1.131219,  5.87562573381873, 26.5949875,    8.2524,
 2026-May-27 00:00:00,N,m, 114.542361353,  21.935624501,  114.932469983,  21.876507028,   323.694065420,      -2.063838965,       -388.370,       72.881, 280.651, 395.1224,    *,  1.128190,  5.89139871801902, 28.1483207,    8.1421,
 2026-May-28 00:00:00,N,m, 114.725533063,  21.908846215,  115.115458199,  21.849292727,   324.392394625,      -2.325934738,       -427.262,       83.761, 281.116, 435.3613,    *,  1.125063,  5.90777762573174, 28.6570062,    8.0309,
 2026-May-29 00:00:00,N,m, 114.927991178,  21.878405147,  115.317727860,  21.818367426,   325.074294270,      -2.582085916,       -405.987,       82.854, 281.558, 414.3237,    *,  1.121959,  5.92411992412488, 28.0132854,    7.9203,
 2026-May-30 00:00:00,N,m, 115.148636909,  21.844318512,  115.538181763,  21.783752920,   325.740690936,      -2.832840414,       -328.135,       70.241, 282.101, 335.5464,    *,  1.119003,  5.93977035004261, 26.2809525,    7.8114,
 2026-May-31 00:00:00,N,m, 115.384002789,  21.807057030,  115.773354104,  21.745930212,   326.394757581,      -3.078941871,       -205.121,       47.637, 283.086, 210.5711,    *,  1.116299,  5.95415716634038, 23.6806379,    7.7048,
 2026-Jun-01 00:00:00,N,m, 115.628818927,  21.767472365,  116.017976620,  21.705765307,   327.041398914,      -3.321187140,        -54.447,       18.155, 288.444,  57.3934,    *,  1.113920,  5.96687207882114, 20.5494995,    7.6006,
 2026-Jun-02 00:00:00,N,m, 115.876804675,  21.726673419,  116.265770073,  21.664383369,   327.686517443,      -3.560290572,        103.015,      -14.164,  97.823, 103.9857,    *,  1.111898,  5.97772217225034, 17.2867141,    7.4983,
 2026-Jun-03 00:00:00,N,m, 116.121542196,  21.685873072,  116.510317693,  21.623013207,   328.336192337,      -3.796777333,        245.875,      -44.897, 100.334, 249.9510,    *,  1.110222,  5.98674911524073, 14.2961341,    7.3971,
 2026-Jun-04 00:00:00,N,m, 116.357308063,  21.646227125,  116.745896637,  21.582824181,   328.995888229,      -4.030918697,        355.059,      -69.832, 101.106, 361.8842,    *,  1.108839,  5.99421655573676, 11.9348899,    7.2958,
 2026-Jun-05 00:00:00,N,m, 116.579776164,  21.608683986,  116.968180851,  21.544774200,   329.669777873,      -4.262712992,        416.172,      -85.523, 101.589, 424.9017,    *,  1.107665,  6.00057100434355, 10.4734533,    7.1930,
 2026-Jun-06 00:00:00,N,m, 116.786534740,  21.573860680,  117.174758149,  21.509484597,   330.360234799,      -4.491908916,        421.149,      -89.719, 102.002, 430.6353,    *,  1.106593,  6.00638320664000, 10.0674710,    7.0875,
 2026-Jun-07 00:00:00,N,m, 116.977376596,  21.541958338,  117.365420586,  21.477155040,   331.067538778,      -4.718064910,        369.379,      -81.704, 102.451, 378.3356,    *,  1.105508,  6.01227585364644, 10.7391832,    6.9782,
 2026-Jun-08 00:00:00,N,m, 117.154345321,  21.512725419,  117.542211034,  21.447526836,   331.789814058,      -4.940634290,        267.736,      -62.398, 103.104, 274.9265,    *,  1.104302,  6.01884439491316, 12.3721603,    6.8646,
 2026-Jun-09 00:00:00,N,m, 117.321512721,  21.485477422,  117.709201140,  21.419903422,   332.523226956,      -5.159064301,        129.926,      -34.309, 104.785, 134.3837,    *,  1.102884,  6.02657855398386, 14.7194640,    6.7463,
 2026-Jun-10 00:00:00,N,m, 117.484482273,  21.459176554,  117.871995317,  21.393231595,   333.262449570,      -5.372894244,        -25.260,       -1.213, 267.252,  25.2894,    *,  1.101201,  6.03579328917366, 17.4285678,    6.6238,
 2026-Jun-11 00:00:00,N,m, 117.649648283,  21.432567011,  118.036990115,  21.366239145,   334.001363034,      -5.581836078,       -176.334,       32.313, 280.394, 179.2651,    *,  1.099236,  6.04657933431299, 20.0841038,    6.4979,
 2026-Jun-12 00:00:00,N,m, 117.823292536,  21.404350791,  118.210470276,  21.337613477,   334.733922289,      -5.785821472,       -302.153,       61.541, 281.529, 308.3397,    *,  1.097022,  6.05878309952886, 22.2660744,    6.3697,
 2026-Jun-13 00:00:00,N,m, 118.010651909,  21.373378619,  118.397674608,  21.306195295,   335.455054234,      -5.985004187,       -385.102,       82.295, 282.084, 393.7673,    *,  1.094630,  6.07202289592495, 23.6153250,    6.2408,
 2026-Jun-14 00:00:00,N, , 118.215120995,  21.338823886,  118.601996202,  21.271154361,   336.161431507,      -6.179716307,       -413.648,       91.560, 282.504, 423.6254,    *,  1.092163,  6.08574183575320, 23.8928952,    6.1124,
 2026-Jun-15 00:00:00,N, , 118.437744423,  21.300307978,  118.824473186,  21.232114945,   336.851972193,      -6.370387754,       -384.165,       87.961, 282.918, 394.0757,    *,  1.089737,  6.09928996717344, 23.0197966,    5.9858,
 2026-Jun-16 00:00:00,N, , 118.677093155,  21.257954991,  119.063666081,  21.189208943,   337.527972691,      -6.557447396,       -301.270,       71.939, 283.447, 309.7197,    *,  1.087467,  6.11202117956752, 21.0873525,    5.8617,
 2026-Jun-17 00:00:00,N, , 118.929533182,  21.212368567,  119.315930403,  21.143050343,   338.192861929,      -6.741227081,       -177.051,       45.697, 284.482, 182.8458,    *,  1.085448,  6.12338707958979, 18.3372799,    5.7402,
 2026-Jun-18 00:00:00,N, , 119.189809086,  21.164539699,  119.576004870,  21.094641084,   338.851650319,      -6.921887973,        -29.006,       12.834, 293.869,  31.7178,    *,  1.083745,  6.13301249275124, 15.1190651,    5.6210,
 2026-Jun-19 00:00:00,N, , 119.451814525,  21.115705530,  119.837784439,  21.045228879,   339.510193679,      -7.099381353,        122.486,      -22.159, 100.248, 124.4764,    *,  1.082381,  6.14074163756602, 11.8334637,    5.5034,
 2026-Jun-20 00:00:00,N, , 119.709427940,  21.067180533,  120.095155339,  20.996137976,   340.174387632,      -7.273448960,        256.939,      -54.503, 101.962, 262.6685,    *,  1.081340,  6.14665174885367,  8.8779817,    5.3863,
 2026-Jun-21 00:00:00,N, , 119.957295146,  21.020184227,  120.342774812,  20.948596383,   340.849408085,      -7.443661243,        356.472,      -79.780, 102.595, 365.3159,    *,  1.080569,  6.15103680016625,  6.5981412,    5.2683,
 2026-Jun-22 00:00:00,N, , 120.191480806,  20.975684414,  120.576719322,  20.903578342,   341.539074689,      -7.609486525,        407.918,      -94.483, 103.018, 418.7522,    *,  1.079984,  6.15436569486254,  5.2486576,    5.1483,
 2026-Jun-23 00:00:00,N, , 120.409940406,  20.934270842,  120.794954005,  20.861677077,   342.245384073,      -7.770380662,        404.498,      -96.495, 103.395, 415.8836,    *,  1.079484,  6.15722144746706,  4.9662451,    5.0252,
 2026-Jun-24 00:00:00,N, , 120.612776745,  20.896072204,  120.997587692,  20.823021076,   342.968252030,      -7.925885319,        346.554,      -85.353, 103.817, 356.9364,    *,  1.078957,  6.16022777057228,  5.7533122,    4.8983,
 2026-Jun-25 00:00:00,N, , 120.802254367,  20.860726892,  121.186886805,  20.787244568,   343.705492254,      -8.075720893,        241.749,      -62.392, 104.458, 249.6842,    *,  1.078302,  6.16396961953623,  7.4737060,    4.7673,
 2026-Jun-26 00:00:00,N, , 120.982550971,  20.827415656,  121.367026840,  20.753520482,   344.453054089,      -8.219858481,        104.164,      -30.602, 106.366, 108.5692,    *,  1.077437,  6.16891538466181,  9.8630275,    4.6325,
 2026-Jun-27 00:00:00,N, , 121.159242396,  20.794959227,  121.543577937,  20.720658995,   345.205521022,      -8.358554408,        -47.418,        5.720, 276.881,  47.7619,    *,  1.076315,  6.17534981379580, 12.5559733,    4.4944,
 2026-Jun-28 00:00:00,N, , 121.338557312,  20.761974362,  121.722760496,  20.687265001,   345.956835483,      -8.492334704,       -191.970,       41.537, 282.220, 196.4049,    *,  1.074926,  6.18332817247127, 15.1323295,    4.3543,
 2026-Jun-29 00:00:00,N,m, 121.526488282,  20.727070155,  121.910557453,  20.651936161,   346.701163066,      -8.621924286,       -309.250,       71.785, 283.085, 317.4523,    *,  1.073306,  6.19266156769146, 17.1776998,    4.2134,
 2026-Jun-30 00:00:00,N,m, 121.727895624,  20.689055045,  122.111819513,  20.613471671,   347.433763763,      -8.748128306,       -382.758,       92.116, 283.553, 393.6555,    *,  1.071527,  6.20293923443458, 18.3485692,    4.0732,
 2026-Jul-01 00:00:00,N,m, 121.945767367,  20.647118178,  122.329526492,  20.571055040,   348.151710647,      -8.871686443,       -402.370,       99.590, 283.924, 414.4763,    *,  1.069691,  6.21358641588793, 18.4286501,    3.9348,
 2026-Jul-02 00:00:00,N,m, 122.180782179,  20.600951111,  122.564351447,  20.524376580,   348.854313571,      -8.993130075,       -365.666,       93.078, 284.301, 377.2968,    *,  1.067910,  6.22394962789642, 17.3650811,    3.7990,
 2026-Jul-03 00:00:00,N,m, 122.431244577,  20.550790960,  122.814596743,  20.473676603,   349.543182559,      -9.112671410,       -278.262,       73.443, 284.800, 287.7734,    *,  1.066292,  6.23339395139612, 15.2732768,    3.6660,
 2026-Jul-04 00:00:00,N,m, 122.693389917,  20.497379966,  123.076499450,  20.419704291,   350.221932706,      -9.230146793,       -152.747,       43.380, 285.863, 158.7823,    *,  1.064925,  6.24139453096642, 12.4128847,    3.5358,
 2026-Jul-05 00:00:00,N,m, 122.961978634,  20.441853413,  123.344825532,  20.363604412,   350.895608376,      -9.345022916,         -6.693,        7.012, 316.335,   9.6932,    O,  1.063866,  6.24760743575942,  9.1421225,    3.4076,
 2026-Jul-06 00:00:00,N,m, 123.231057431,  20.385578447,  123.613630533,  20.306754680,   351.569944425,      -9.456461679,        139.906,      -30.703, 102.370, 143.2388,    *,  1.063134,  6.25191092619319,  5.8628602,    3.2803,
 2026-Jul-07 00:00:00,N,m, 123.494760300,  20.329970158,  123.877059756,  20.250580427,   352.250587791,      -9.563430363,        267.369,      -64.645, 103.578, 275.0879,    *,  1.062708,  6.25441472861480,  2.9661565,    3.1528,
 2026-Jul-08 00:00:00,N,m, 123.748049461,  20.276308280,  124.130087942,  20.196370167,   352.942377464,      -9.664840749,        358.706,      -90.170, 104.091, 369.8938,    *,  1.062534,  6.25543980619370,  0.7854287,    3.0239,
 2026-Jul-09 00:00:00,N,m, 123.987326904,  20.225573609,  124.369129122,  20.145111276,   353.648749747,      -9.759700395,        401.831,     -103.737, 104.454, 415.0416,    *,  1.062529,  6.25547405313767, -0.4400333,    2.8925,
 2026-Jul-10 00:00:00,N,m, 124.210869342,  20.178319747,  124.592469322,  20.097361387,   354.371317053,      -9.847259936,        390.930,     -103.348, 104.787, 404.3950,    *,  1.062590,  6.25510983192911, -0.5912599,    2.7577,
 2026-Jul-11 00:00:00,N,m, 124.419054137,  20.134592824,  124.800489908,  20.053168006,   355.109651780,      -9.927140156,        327.304,      -88.854, 105.170, 339.1749,    *,  1.062614,  6.25496961173150,  0.3154637,    2.6193,
 2026-Jul-12 00:00:00,N,m, 124.614345093,  20.093911036,  124.995651090,  20.012047876,   355.861307067,      -9.999420858,        219.288,      -62.021, 105.780, 227.9015,    *,  1.062503,  6.25562634961607,  2.1255491,    2.4773,
 2026-Jul-13 00:00:00,N,m, 124.801020586,  20.055311566,  125.182219434,  19.973033498,   356.622090593,     -10.064673486,         81.385,      -26.366, 107.946,  85.5515,    *,  1.062180,  6.25752610316096,  4.5578829,    2.3323,
 2026-Jul-14 00:00:00,N, , 124.984645336,  20.017466591,  125.365741801,  19.934788694,   357.386585947,     -10.123921679,        -67.495,       13.259, 281.117,  68.7845,    *,  1.061604,  6.26092323860518,  7.2364482,    2.1854,
 2026-Jul-15 00:00:00,N, , 125.171315427,  19.978862275,  125.552295265,  19.895787788,   358.148889712,     -10.178520030,       -206.699,       51.345, 283.961, 212.9719,    *,  1.060771,  6.26583847842126,  9.7375691,    2.0377,
 2026-Jul-16 00:00:00,N, , 125.366778189,  19.938016651,  125.747612455,  19.854534992,   358.903462711,     -10.229960825,       -316.667,       82.486, 284.617, 327.2120,    *,  1.059721,  6.27204891230622, 11.6524134,    1.8907,
 2026-Jul-17 00:00:00,N, , 125.575567046,  19.893702310,  125.956219864,  19.809789826,   359.645958677,     -10.279636628,       -381.974,      102.216, 285.002, 395.3815,    *,  1.058528,  6.27911583503523, 12.6529470,    1.7456,
 2026-Jul-18 00:00:00,N, , 125.800310888,  19.845134206,  126.180747422,  19.760757887,     0.373877461,     -10.328602793,       -393.588,      107.665, 285.320, 408.0123,    *,  1.057293,  6.28644799221319, 12.5463064,    1.6031,
 2026-Jul-19 00:00:00,N, , 126.041352906,  19.792087510,  126.421545218,  19.707210744,     1.086916520,     -10.377388760,       -350.244,       98.009, 285.652, 363.6701,    *,  1.056127,  6.29338989468479, 11.3054766,    1.4638,
 2026-Jul-20 00:00:00,N, , 126.296740989,  19.734926490,  126.676671156,  19.649515341,     1.786965191,     -10.425895178,       -258.420,       74.552, 286.106, 268.9431,    *,  1.055133,  6.29931902491936,  9.0691110,    1.3276,
 2026-Jul-21 00:00:00,N, , 126.562570490,  19.674543985,  126.942231506,  19.588572640,     2.477763002,     -10.473393576,       -131.192,       40.509, 287.167, 137.2997,    *,  1.054394,  6.30373453073254,  6.1133120,    1.1939,
 2026-Jul-22 00:00:00,N, , 126.833590944,  19.612227968,  127.212986174,  19.525682476,     3.164308707,     -10.518622599,         13.722,        0.545,  87.723,  13.7325,    U,  1.053961,  6.30632365579024,  2.8045461,    1.0618,
 2026-Jul-23 00:00:00,N, , 127.103954727,  19.549481463,  127.483096499,  19.462361491,     3.852139414,     -10.559958230,        156.602,      -39.910, 104.289, 161.6128,    *,  1.053848,  6.30699811331231, -0.4555702,    0.9302,
 2026-Jul-24 00:00:00,N, , 127.367991740,  19.487823137,  127.746899401,  19.400141777,     4.546589571,     -10.595629413,        278.255,      -75.358, 105.139, 288.2963,    *,  1.054032,  6.30589888195767, -3.2830397,    0.7979,
 2026-Jul-25 00:00:00,N, , 127.620918138,  19.428592766,  127.999615767,  19.340374724,     5.252116978,     -10.623950868,        362.515,     -100.965, 105.544, 376.3421,    *,  1.054454,  6.30337262734587, -5.3561601,    0.6640,
 2026-Jul-26 00:00:00,N, , 127.859416794,  19.372780761,  128.237930959,  19.284059374,     5.971756326,     -10.643548822,        398.113,     -113.151, 105.845, 413.9168,    *,  1.055031,  6.29992544606932, -6.4497661,    0.5278,
 2026-Jul-27 00:00:00,N, , 128.082041813,  19.320898453,  128.460400378,  19.231712507,     6.706745611,     -10.653556451,        380.169,     -110.086, 106.130, 395.8212,    *,  1.055663,  6.29615907328833, -6.4612863,    0.3897,
 2026-Jul-28 00:00:00,N,m, 128.289420644,  19.272900564,  128.667655949,  19.183295238,     7.456347187,     -10.653757240,        310.849,      -91.973, 106.466, 324.1925,    *,  1.056244,  6.29269539509612, -5.4249231,    0.2516,
 2026-Jul-29 00:00:00,N,m, 128.484220225,  19.228172892,  128.862371489,  19.138249370,     8.217899229,     -10.644612510,        199.232,      -61.084, 107.035, 208.3959,    *,  1.056680,  6.29009627950496, -3.5133401,    0.1262,
 2026-Jul-30 00:00:00,N,m, 128.670851090,  19.185595082,  129.048639186,  19.095374237,     8.987446861,     -10.627403138,         60.312,      -21.354, 109.494,  63.9818,    *,  1.056900,  6.28878684413912, -1.0234429,    0.1095,
 2026-Jul-31 00:00:00,N,m, 128.854911768,  19.143679649,  129.232542798,  19.052973887,     9.759209336,     -10.604179201,        -86.892,       21.593, 283.960,  89.5337,    *,  1.056866,  6.28899227905482,  1.6565951,    0.2295,
 2026-Aug-01 00:00:00,N,m, 129.042421228,  19.100775320,  129.419905732,  19.009669554,    10.527683013,     -10.576810431,       -221.817,       61.866, 285.596, 230.2717,    *,  1.056579,  6.29069935046497,  4.0993796,    0.3710,
 2026-Aug-02 00:00:00,N,m, 129.238939910,  19.055307995,  129.616247194,  18.963801663,    11.287737660,     -10.547567180,       -325.535,       93.728, 286.079, 338.7349,    *,  1.056083,  6.29365198649447,  5.9026032,    0.5148,
 2026-Aug-03 00:00:00,A,m, 129.448727679,  19.006019237,  129.825831424,  18.914088368,    12.035461841,     -10.518351133,       -383.444,      112.594, 286.384, 399.5986,    *,  1.055457,  6.29738494932212,  6.7544244,    0.6573,
 2026-Aug-04 00:00:00,A,m, 129.674097801,  18.952158598,  130.050977642,  18.859769690,    12.768787905,     -10.490431180,       -387.550,      115.720, 286.645, 404.4224,    *,  1.054803,  6.30129201946838,  6.4851314,    0.7972,
 2026-Aug-05 00:00:00,A,m, 129.915089270,  18.893594686,  130.291732981,  18.800712182,    13.487766170,     -10.464237852,       -337.612,      102.616, 286.924, 352.8350,    *,  1.054230,  6.30471684371181,  5.0924762,    0.9340,
 2026-Aug-06 00:00:00,A,m, 130.169510043,  18.830827146,  130.545914990,  18.737419759,    14.194494216,     -10.439289066,       -240.970,       75.071, 287.316, 252.3785,    *,  1.053840,  6.30704964217747,  2.7368209,    1.0683,
 2026-Aug-07 00:00:00,A,m, 130.433313445,  18.764905041,  130.809486207,  18.670951122,    14.892743487,     -10.414257431,       -111.324,       36.878, 288.334, 117.2703,    *,  1.053712,  6.30781317533597, -0.2903821,    1.2006,
 2026-Aug-08 00:00:00,A,m, 130.701212068,  18.697273069,  131.077165881,  18.602764442,    15.587375711,     -10.387157449,         33.432,       -6.758, 101.426,  34.1087,    *,  1.053894,  6.30672450623181, -3.6165983,    1.3322,
 2026-Aug-09 00:00:00,A,m, 130.967420959,  18.629571804,  131.343171441,  18.534515505,    16.283649880,     -10.355618379,        173.615,      -49.900, 106.027, 180.6509,    *,  1.054395,  6.30372654210589, -6.8410538,    1.4642,
 2026-Aug-10 00:00:00,A,m, 131.226412565,  18.563423034,  131.601973092,  18.467840510,    16.986529166,     -10.317197581,        290.466,      -86.705, 106.606, 303.1499,    *,  1.055188,  6.29898934715581, -9.5860337,    1.5977,
 2026-Aug-11 00:00:00,A, , 131.473601903,  18.500223984,  131.848980477,  18.404147753,    17.700061763,     -10.269697828,        368.405,     -112.142, 106.912, 385.1269,    *,  1.056212,  6.29288382335457,-11.5403073,    1.7335,
 2026-Aug-12 00:00:00,A, , 131.705903941,  18.440969879,  132.081102888,  18.344438231,    18.426887748,     -10.211457747,        396.956,     -122.643, 107.149, 415.5072,    *,  1.057380,  6.28593304581937,-12.4931358,    1.8722,
 2026-Aug-13 00:00:00,A, , 131.922120479,  18.386121071,  132.297138928,  18.289172051,    19.167910021,     -10.141588275,        372.063,     -116.573, 107.378, 389.9307,    *,  1.058590,  6.27874670577354,-12.3586017,    2.0139,
 2026-Aug-14 00:00:00,A, , 132.123121329,  18.335529182,  132.497958723,  18.238195142,    19.922159462,     -10.060129479,        296.703,      -94.501, 107.652, 311.4107,    *,  1.059738,  6.27194455648752,-11.1890186,    2.1581,
 2026-Aug-15 00:00:00,A, , 132.311784053,  18.288436208,  132.686442565,  18.190739915,    20.686883193,      -9.968100193,        180.763,      -59.217, 108.129, 190.2234,    *,  1.060731,  6.26607571881595, -9.1753998,    2.3040,
 2026-Aug-16 00:00:00,A, , 132.492669720,  18.243555743,  132.867154352,  18.145508273,    21.457868963,      -9.867417679,         39.812,      -15.398, 111.143,  42.6866,    *,  1.061499,  6.26154244900447, -6.6308004,    2.4506,
 2026-Aug-17 00:00:00,A, , 132.671439601,  18.199236269,  133.045756328,  18.100836551,    22.229994692,      -9.760675953,       -106.728,       30.932, 286.168, 111.1176,    *,  1.062008,  6.25853924071609, -3.9537400,    2.5965,
 2026-Aug-18 00:00:00,A, , 132.854066674,  18.153691254,  133.228219870,  18.054927034,    22.997946044,      -9.650796218,       -238.371,       73.270, 287.098, 249.3648,    *,  1.062266,  6.25701860064198, -1.5731804,    2.7405,
 2026-Aug-19 00:00:00,A, , 133.045953465,  18.105263369,  133.419943869,  18.006113433,    23.756997704,      -9.540594880,       -336.535,      105.579, 287.434, 352.6809,    *,  1.062322,  6.25669234011661,  0.1175073,    2.8816,
 2026-Aug-20 00:00:00,A, , 133.251108779,  18.052677631,  133.624932705,  17.953115110,    24.503721946,      -9.432342618,       -387.410,      123.212, 287.662, 406.4956,    *,  1.062257,  6.25707081956047,  0.8239458,    3.0191,
 2026-Aug-21 00:00:00,A, , 133.471545643,  17.995234876,  133.845195460,  17.895231279,    25.236485498,      -9.327402026,       -384.009,      123.615, 287.863, 403.3801,    *,  1.062178,  6.25753549199750,  0.4000956,    3.1529,
 2026-Aug-22 00:00:00,A, , 133.707004118,  17.932913327,  134.080469620,  17.832442802,    25.955652285,      -9.226009741,       -327.082,      106.677, 288.080, 344.0126,    *,  1.062196,  6.25743193340252, -1.1314290,    3.2834,
 2026-Aug-23 00:00:00, , , 133.955037821,  17.866363466,  134.328307967,  17.765406653,    26.663468538,      -9.127240270,       -224.939,       74.744, 288.392, 237.0200,    *,  1.062411,  6.25616578285107, -3.5892527,    3.4114,
 2026-Aug-24 00:00:00, , , 134.211424360,  17.796803787,  134.584488928,  17.695350687,    27.363672340,      -9.029148454,        -91.922,       32.198, 289.309,  97.3955,    *,  1.062900,  6.25328531456606, -6.6681253,    3.5380,
 2026-Aug-25 00:00:00, , , 134.470799185,  17.725843149,  134.843650066,  17.623894620,    28.060921295,      -8.929051349,         53.668,      -15.159, 105.770,  55.7686,    *,  1.063708,  6.24853909614429, -9.9886187,    3.6644,
 2026-Aug-26 00:00:00, ,m, 134.727395855,  17.655261702,  135.100027989,  17.552829374,    28.760141522,      -8.823895799,        192.166,      -60.918, 107.580, 201.5995,    *,  1.064839,  6.24190325064283,-13.1509774,    3.7917,
 2026-Aug-27 00:00:00, ,m, 134.975789929,  17.586780311,  135.348201997,  17.483885003,    29.465888058,      -8.710658719,        305.011,      -98.870, 107.946, 320.6573,    *,  1.066261,  6.23357857921760,-15.7846403,    3.9208,
 2026-Aug-28 00:00:00, ,m, 135.211567935,  17.521843554,  135.583762972,  17.418512432,    30.181782703,      -8.586735615,        377.091,     -123.815, 108.159, 396.9312,    *,  1.067908,  6.22396118623393,-17.5902730,    4.0523,
 2026-Aug-29 00:00:00, ,m, 135.431867508,  17.461435683,  135.803853483,  17.357698595,    30.910074186,      -8.450282528,        398.624,     -132.225, 108.332, 420.0196,    *,  1.069690,  6.21359139535025,-18.3725711,    4.1864,
 2026-Aug-30 00:00:00, ,m, 135.635746496,  17.405946516,  136.007536639,  17.301832057,    31.651355248,      -8.300480294,        366.345,     -122.705, 108.501, 386.3807,    *,  1.071502,  6.20308645695159,-18.0635789,    4.3229,
 2026-Aug-31 00:00:00, ,m, 135.824340257,  17.355103843,  136.195952768,  17.250635732,    32.404466910,      -8.137689409,        284.177,      -96.280, 108.703, 300.0635,    *,  1.073236,  6.19306274833876,-16.7354330,    4.4609,
 2026-Sep-01 00:00:00, ,m, 136.000774746,  17.307985780,  136.372231441,  17.203180085,    33.166612377,      -7.963466368,        162.856,      -56.314, 109.067, 172.3243,    *,  1.074800,  6.18405435735256,-14.5990440,    4.5994,
 2026-Sep-02 00:00:00, ,m, 136.169812217,  17.263122336,  136.541135894,  17.157985935,    33.933691816,      -7.780417097,         18.813,       -8.177, 113.490,  20.5127,    *,  1.076125,  6.17643800127783,-11.9834862,    4.7371,
 2026-Sep-03 00:00:00, ,m, 136.337230741,  17.218686562,  136.708441502,  17.113217015,    34.700848674,      -7.591876807,       -128.070,       41.493, 287.958, 134.6201,    *,  1.077182,  6.17037495416230, -9.2974638,    4.8729,
 2026-Sep-04 00:00:00, ,m, 136.509008215,  17.172753198,  136.880119385,  17.066939982,    35.463160247,      -7.401447825,       -257.170,       85.689, 288.440, 271.0546,    *,  1.077985,  6.16578105058025, -6.9712085,    5.0056,
 2026-Sep-05 00:00:00, ,m, 136.690429900,  17.123586773,  137.061444507,  17.017413579,    36.216367011,      -7.212461172,       -350.207,      118.090, 288.650, 369.5524,    *,  1.078588,  6.16233371046527, -5.3887479,    5.1345,
 2026-Sep-06 00:00:00, ,m, 136.885279965,  17.069907915,  137.256188808,  16.963355525,    36.957511725,      -7.027457421,       -394.089,      134.041, 288.803, 416.2237,    *,  1.079081,  6.15951750385381, -4.8244624,    5.2594,
 2026-Sep-07 00:00:00, ,m, 137.095273079,  17.011087728,  137.466055242,  16.904136899,    37.685365745,      -6.847788011,       -382.777,      131.225, 288.941, 404.6110,    *,  1.079575,  6.15670150661811, -5.3988689,    5.3806,
 2026-Sep-08 00:00:00, ,m, 137.319828172,  16.947236268,  137.690454364,  16.839870149,    38.400568222,      -6.673411562,       -318.158,      110.010, 289.089, 336.6159,    *,  1.080183,  6.15323403596637, -7.0633850,    5.4987,
 2026-Sep-09 00:00:00, , , 137.556207841,  16.879174952,  137.926646181,  16.771380846,    39.105469866,      -6.502914021,       -209.475,       73.313, 289.299, 221.9229,    *,  1.081008,  6.14853742699665, -9.6148899,    5.6149,
 2026-Sep-10 00:00:00, , , 137.799966530,  16.808307439,  138.170189495,  16.700077968,    39.803736431,      -6.333731095,        -71.939,       26.184, 290.004,  76.5542,    *,  1.082126,  6.14218720809878,-12.7337743,    5.7303,
 2026-Sep-11 00:00:00, , , 138.045604993,  16.736418135,  138.415595630,  16.627752092,    40.499800562,      -6.162519171,         75.627,      -24.966, 108.266,  79.6423,    *,  1.083576,  6.13396502456870,-16.0347221,    5.8461,
 2026-Sep-12 00:00:00, , , 138.287316307,  16.665432706,  138.657071975,  16.556335627,    41.198255536,      -5.985608975,        213.308,      -73.211, 108.933, 225.5328,    *,  1.085361,  6.12388124143933,-19.1197111,    5.9632,
 2026-Sep-13 00:00:00, , , 138.519725248,  16.597171630,  138.889258046,  16.487655947,    41.903269637,      -5.799481175,        322.624,     -111.998, 109.130, 341.5362,    *,  1.087441,  6.11216797780124,-21.6261855,    6.0823,
 2026-Sep-14 00:00:00, , , 138.738549627,  16.533121426,  139.107883802,  16.423205876,    42.618077421,      -5.601215776,        388.867,     -135.993, 109.258, 411.9966,    *,  1.089744,  6.09924691747839,-23.2664806,    6.2037,
 2026-Sep-15 00:00:00, , , 138.941125732,  16.474245442,  139.310293188,  16.363953508,    43.344591654,      -5.388872840,        402.867,     -141.743, 109.365, 427.1132,    *,  1.092174,  6.08567605574465,-23.8610531,    6.3270,
 2026-Sep-16 00:00:00, , , 139.126763886,  16.420848959,  139.495798951,  16.310206384,    44.083157928,      -5.161776172,        362.325,     -128.207, 109.470, 384.3700,    *,  1.094620,  6.07208026266579,-23.3607644,    6.4517,
 2026-Sep-17 00:00:00, , , 139.296888923,  16.372517312,  139.665823358,  16.261548988,    44.832485176,      -4.920661140,        272.158,      -96.915, 109.588, 288.9161,    *,  1.096970,  6.05907206451525,-21.8583169,    6.5766,
 2026-Sep-18 00:00:00, , , 139.454921511,  16.328144453,  139.823780311,  16.216871207,    45.589779488,      -4.667648492,        144.224,      -51.916, 109.791, 153.2884,    *,  1.099129,  6.04716983699057,-19.5849291,    6.7007,
 2026-Sep-19 00:00:00, , , 139.605878473,  16.286060766,  139.974676788,  16.174496605,    46.351088284,      -4.406020803,         -4.113,        0.708, 279.772,   4.1739,    t,  1.101031,  6.03672329512784,-16.8876987,    6.8225,
 2026-Sep-20 00:00:00, , , 139.755708387,  16.244254858,  140.124449775,  16.132405217,    47.111835682,      -4.139802883,       -152.263,       53.648, 289.416, 161.4325,    *,  1.102650,  6.02785829965875,-14.1856741,    6.9410,
 2026-Sep-21 00:00:00, , , 139.910437079,  16.200663703,  140.279113234,  16.088524996,    47.867483803,      -3.873190428,       -279.338,       99.403, 289.601, 296.4792,    *,  1.104007,  6.02045229921194,-11.9087089,    7.0554,
 2026-Sep-22 00:00:00, , , 140.075258603,  16.153484758,  140.443850620,  16.041045347,    48.614212324,      -3.609916746,       -367.318,      131.423, 289.703, 390.0893,    *,  1.105164,  6.01414798213258,-10.4285322,    7.1653,
 2026-Sep-23 00:00:00, ,m, 140.253738562,  16.101453367,  140.622219720,  15.988695694,    49.349492982,      -3.352673342,       -403.720,      145.078, 289.784, 428.9574,    *,  1.106220,  6.00840532180942, -9.9974455,    7.2710,
 2026-Sep-24 00:00:00, ,m, 140.447283754,  16.044033038,  140.815623614,  15.930936501,    50.072449919,      -3.102697058,       -383.595,      138.401, 289.856, 407.7650,    *,  1.107293,  6.00258325988208,-10.7087663,    7.3731,
 2026-Sep-25 00:00:00, ,m, 140.654971880,  15.981485927,  141.023141321,  15.868029920,    50.783944425,      -2.859599285,       -309.995,      112.298, 289.927, 329.6859,    *,  1.108502,  5.99603588265206,-12.4869271,    7.4726,
 2026-Sep-26 00:00:00, ,m, 140.873743722,  15.914820529,  141.241720344,  15.800987232,    51.486392429,      -2.621450264,       -193.400,       70.382, 290.006, 205.8000,    *,  1.109952,  5.98820566127276,-15.1068706,    7.5708,
 2026-Sep-27 00:00:00, ,m, 141.098889582,  15.845636831,  141.466662528,  15.731413523,    52.183373716,      -2.385080435,        -50.007,       18.406, 290.209,  53.2865,    u,  1.111717,  5.97869839853510,-18.2359986,    7.6689,
 2026-Sep-28 00:00:00, ,m, 141.324731052,  15.775899603,  141.692304141,  15.661280474,    52.879109784,      -2.146536748,        100.601,      -36.557, 109.966, 107.0398,    *,  1.113835,  5.96733114206063,-21.4840754,    7.7679,
 2026-Sep-29 00:00:00, ,m, 141.545378722,  15.707678310,  141.912770844,  15.592665769,    53.577899864,      -1.901613590,        238.091,      -87.055, 110.074, 253.5198,    *,  1.116300,  5.95415037755874,-24.4552362,    7.8684,
 2026-Sep-30 00:00:00, ,m, 141.755474893,  15.642884495,  142.122717184,  15.527489851,    54.283582482,      -1.646393465,        344.016,     -126.234, 110.135, 366.4722,    *,  1.119069,  5.93942140463302,-26.7949828,    7.9708,
 2026-Oct-01 00:00:00, ,m, 141.950852460,  15.583031829,  142.317982743,  15.467275016,    54.999072369,      -1.377745166,        403.966,     -148.654, 110.186, 430.4874,    *,  1.122059,  5.92359263129921,-28.2297697,    8.0749,
 2026-Oct-02 00:00:00, ,m, 142.129058579,  15.529039476,  142.496114469,  15.412947481,    55.726006128,      -1.093738496,        409.517,     -151.049, 110.229, 436.5248,    *,  1.125165,  5.90723939630508,-28.5981282,    8.1801,
 2026-Oct-03 00:00:00, ,m, 142.289696991,  15.481098340,  142.656709390,  15.364702224,    56.464526696,      -0.793935753,        359.324,     -132.771, 110.264, 383.0986,    *,  1.128268,  5.89099246796051,-27.8724399,    8.2854,
 2026-Oct-04 00:00:00, ,m, 142.434540504,  15.438620415,  142.801528956,  15.321951201,    57.213238160,      -0.479516655,        259.595,      -96.000, 110.284, 276.7925,    *,  1.131251,  5.87545709987633,-26.1690999,    8.3896,
 2026-Oct-05 00:00:00, ,m, 142.567371646,  15.400288204,  142.934342342,  15.283372287,    57.969353622,      -0.153198865,        123.482,      -45.542, 110.240, 131.6164,    *,  1.134017,  5.86113075451195,-23.7422336,    8.4913,
 2026-Oct-06 00:00:00, ,m, 142.693528613,  15.364212995,  143.060475113,  15.247067985,    58.729046109,       0.181070264,        -30.439,       11.727, 291.071,  32.6197,    *,  1.136499,  5.84833021252495,-20.9570036,    8.5894,
 2026-Oct-07 00:00:00, , , 142.819182598,  15.328192230,  143.186088782,  15.210824096,    59.487976485,       0.518636718,       -180.626,       67.776, 290.575, 192.9155,    *,  1.138677,  5.83714035660454,-18.2414096,    8.6829,
 2026-Oct-08 00:00:00, , , 142.950436321,  15.290032929,  143.317280672,  15.172435162,    60.241930027,       0.854814003,       -305.815,      114.633, 290.561, 326.5719,    *,  1.140581,  5.82739608836296,-16.0217141,    8.7716,
 2026-Oct-09 00:00:00, , , 143.092392350,  15.247887474,  143.459152503,  15.130042504,    60.987457287,       1.185598141,       -388.144,      145.552, 290.572, 414.5026,    *,  1.142285,  5.81870300529422,-14.6544700,    8.8554,
 2026-Oct-10 00:00:00, , , 143.248373279,  15.200536713,  143.615029907,  15.082419338,    61.722393497,       1.508282897,       -415.967,      156.086, 290.585, 444.2475,    *,  1.143899,  5.81049591258190,-14.3664290,    8.9350,
 2026-Oct-11 00:00:00, , , 143.419432503,  15.147571403,  143.785971930,  15.029153497,    62.446167260,       1.821865416,       -385.466,      144.694, 290.591, 411.6942,    *,  1.145549,  5.80212503009956,-15.2206435,    9.0115,
 2026-Oct-12 00:00:00, , , 143.604238004,  15.089442209,  143.970653429,  14.970697729,    63.159848884,       2.127172110,       -301.166,      112.972, 290.574, 321.6373,    *,  1.147363,  5.79295304871003,-17.1127101,    9.0860,
 2026-Oct-13 00:00:00, , , 143.799325440,  15.027378195,  144.165617060,  14.908287552,    63.865948010,       2.426699627,       -174.988,       65.320, 290.477, 186.7745,    *,  1.149448,  5.78244611206595,-19.7947225,    9.1598,
 2026-Oct-14 00:00:00, , , 143.999638740,  14.963200586,  144.365813141,  14.843753725,    64.568021866,       2.724226351,        -24.351,        8.261, 288.739,  25.7138,    *,  1.151878,  5.77024478541556,-22.9188196,    9.2340,
 2026-Oct-15 00:00:00, , , 144.199246271,  14.899069243,  144.565315403,  14.779267152,    65.270172967,       3.024275049,        130.212,      -50.438, 111.169, 139.6431,    *,  1.154687,  5.75620698777736,-26.0889475,    9.3093,
 2026-Oct-16 00:00:00, , , 144.392121061,  14.837200084,  144.758100958,  14.717054726,    65.976516212,       3.331511920,        267.861,     -102.824, 110.989, 286.9348,    *,  1.157863,  5.74042093864279,-28.9119148,    9.3861,
 2026-Oct-17 00:00:00, , , 144.572894981,  14.779585705,  144.938804215,  14.659118596,    66.690672874,       3.650150497,        369.975,     -141.731, 110.946, 396.2246,    *,  1.161349,  5.72318989786167,-31.0433694,    9.4641,
 2026-Oct-18 00:00:00, , , 144.737522352,  14.727744071,  145.103380242,  14.606983763,    67.415334480,       3.983413564,        422.575,     -161.733, 110.926, 452.5080,    *,  1.165053,  5.70499258142213,-32.2259343,    9.5430,
 2026-Oct-19 00:00:00, , , 144.883799121,  14.682517628,  145.249623705,  14.561496405,    68.151932407,       4.333100301,        418.001,     -159.814, 110.906, 447.5500,    *,  1.168858,  5.68642377493437,-32.3194685,    9.6215,
 2026-Oct-20 00:00:00, , , 145.011686614,  14.643944712,  145.377492616,  14.522694783,    68.900442241,       4.699302626,        356.164,     -135.880, 110.868, 381.2324,    *,  1.172632,  5.66812007500669,-31.3219232,    9.6986,
 2026-Oct-21 00:00:00, , , 145.123391147,  14.611223919,  145.489188280,  14.489773463,    69.659352950,       5.080315282,        244.814,      -92.882, 110.767, 261.8552,    *,  1.176252,  5.65067706193212,-29.3772054,    9.7729,
 2026-Oct-22 00:00:00, ,m, 145.223154180,  14.582789462,  145.588946226,  14.461158935,    70.425826492,       5.472780187,         98.767,      -36.522, 110.290, 105.3052,    *,  1.179615,  5.63456713512574,-26.7645358,    9.8431,
 2026-Oct-23 00:00:00, ,m, 145.316727591,  14.556506528,  145.682512750,  14.434705732,    71.196060766,       5.872089187,        -61.861,       25.429, 292.349,  66.8824,    *,  1.182658,  5.62006901050402,-23.8683379,    9.9084,
 2026-Oct-24 00:00:00, ,m, 145.410578477,  14.529968977,  145.776351130,  14.407995463,    71.965822830,       6.273012583,       -214.493,       84.242, 291.451, 230.4325,    *,  1.185368,  5.60722118380919,-21.1255591,    9.9682,
 2026-Oct-25 00:00:00, ,m, 145.510929179,  14.500858391,  145.876682722,  14.378697746,    72.731081101,       6.670469923,       -337.326,      131.477, 291.308, 362.0170,    *,  1.187785,  5.59581070309291,-18.9580072,   10.0225,
 2026-Oct-26 00:00:00, ,m, 145.622799899,  14.467301465,  145.988529623,  14.344929783,    73.488626909,       7.060308387,       -412.811,      160.340, 291.243, 442.8185,    *,  1.189998,  5.58540237661973,-17.7026423,   10.0721,
 2026-Oct-27 00:00:00, ,m, 145.749237044,  14.428158179,  146.114941701,  14.305546564,    74.236567710,       7.439939710,       -430.220,      166.664, 291.193, 461.3326,    *,  1.192132,  5.57540467704436,-17.5567103,   10.1178,
 2026-Oct-28 00:00:00, ,m, 145.890873827,  14.383187433,  146.256555020,  14.260307687,    74.974599845,       7.808714514,       -387.211,      149.529, 291.130, 415.0469,    *,  1.194327,  5.56516010230364,-18.5493093,   10.1610,
 2026-Oct-29 00:00:00, ,m, 146.045886951,  14.333067034,  146.411546741,  14.209897183,    75.704022965,       8.167978190,       -290.011,      111.337, 291.014, 310.6297,    *,  1.196717,  5.55404301535743,-20.5438835,   10.2031,
 2026-Oct-30 00:00:00, ,m, 146.210321790,  14.279277606,  146.575960125,  14.155805869,    76.427517187,       8.520826107,       -152.263,       57.380, 290.655, 162.7110,    *,  1.199416,  5.54154788676693,-23.2676710,   10.2450,
 2026-Oct-31 00:00:00, ,m, 146.378695996,  14.223881917,  146.744309694,  14.100108351,    77.148743329,       8.871627050,          7.011,       -4.929, 125.106,   8.5704,    O,  1.202495,  5.52735523325708,-26.3576124,   10.2877,
 2026-Nov-01 00:00:00, ,m, 146.544761230,  14.169242128,  146.910345249,  14.045178004,    77.871845209,       9.225409882,        166.177,      -67.122, 111.988, 179.2271,    *,  1.205983,  5.51136872662868,-29.4128232,   10.3315,
 2026-Nov-02 00:00:00, ,m, 146.702314086,  14.117714013,  147.067864429,  13.993379581,    78.600924481,       9.587200891,        303.648,     -120.722, 111.669, 326.7864,    *,  1.209857,  5.49372222894431,-32.0449031,   10.3762,
 2026-Nov-03 00:00:00, ,m, 146.845970409,  14.071350242,  147.211487375,  13.946771654,    79.339542966,       9.961382443,        400.741,     -158.368, 111.548, 430.9339,    *,  1.214048,  5.47475984234969,-33.9212185,   10.4214,
 2026-Nov-04 00:00:00, , , 146.971831806,  14.031641184,  147.337322308,  13.906847169,    80.090297233,      10.351133528,        443.937,     -174.728, 111.467, 477.1281,    *,  1.218447,  5.45499215304409,-34.8036809,   10.4660,
 2026-Nov-05 00:00:00, , , 147.078001394,  13.999311974,  147.443479557,  13.874330626,    80.854491312,      10.757990685,        426.715,     -167.244, 111.385, 458.3589,    *,  1.222922,  5.43503290087109,-34.5772628,   10.5087,
 2026-Nov-06 00:00:00, , , 147.164889208,  13.974201406,  147.530375126,  13.849057288,    81.631943946,      11.181582289,        350.599,     -136.556, 111.267, 376.2809,    *,  1.227328,  5.41552183656271,-33.2691544,   10.5482,
 2026-Nov-07 00:00:00, , , 147.235245348,  13.955248276,  147.600762280,  13.829960022,    82.420968558,      11.619590763,        225.249,      -86.543, 111.009, 241.3135,    *,  1.231530,  5.39704020192114,-31.0541446,   10.5831,
 2026-Nov-08 00:00:00, , , 147.293875411,  13.940602881,  147.659446029,  13.815181481,    83.218554327,      12.067982403,         67.573,      -23.959, 109.520,  71.6953,    *,  1.235425,  5.38002852671359,-28.2403665,   10.6125,
 2026-Nov-09 00:00:00, , , 147.347026652,  13.927866677,  147.712669225,  13.802314625,    84.020756488,      12.521514873,       -100.576,       42.502, 292.912, 109.1855,    *,  1.238950,  5.36471910553529,-25.2326506,   10.6357,
 2026-Nov-10 00:00:00, , , 147.401501889,  13.914435779,  147.767227210,  13.788747272,    84.823261333,      12.974474075,       -255.334,      103.380, 292.052, 275.4543,    *,  1.242104,  5.35109600524989,-22.4745515,   10.6529,
 2026-Nov-11 00:00:00, , , 147.463631965,  13.897896043,  147.829441732,  13.772058261,    85.622044626,      13.421530109,       -374.502,      149.911, 291.830, 403.3613,    *,  1.244943,  5.33889283978827,-20.3777219,   10.6646,
 2026-Nov-12 00:00:00, , , 147.538292447,  13.876398057,  147.904179382,  13.750393443,    86.414006381,      13.858556908,       -440.913,      175.358, 291.705, 474.4617,    *,  1.247575,  5.32763137541237,-19.2538485,   10.6718,
 2026-Nov-13 00:00:00, , , 147.628157960,  13.848939301,  147.994107542,  13.722748537,    87.197458103,      14.283254401,       -445.107,      176.053, 291.597, 478.6167,    *,  1.250141,  5.31669502005200,-19.2642393,   10.6759,
 2026-Nov-14 00:00:00, , , 147.733330401,  13.815503561,  148.099323735,  13.689108802,    87.972373521,      14.695460240,       -386.635,      151.903, 291.464, 415.3724,    *,  1.252797,  5.30542329642311,-20.3986864,   10.6782,
 2026-Nov-15 00:00:00, , , 147.851383093,  13.777043015,  148.217400294,  13.650430886,    88.740373003,      15.097115999,       -273.829,      106.290, 291.225, 293.7179,    *,  1.255688,  5.29320956501825,-22.4850059,   10.6800,
 2026-Nov-16 00:00:00, , , 147.977770408,  13.735322293,  148.343793876,  13.608486189,    89.504471563,      15.491929077,       -122.523,       45.570, 290.406, 130.7201,    *,  1.258928,  5.27958527223540,-25.2244380,   10.6821,
 2026-Nov-17 00:00:00, , , 148.106506218,  13.692660051,  148.472523409,  13.565601424,    90.268650381,      15.884809299,         46.457,      -21.921, 115.258,  51.3698,    *,  1.262589,  5.26427968963454,-28.2391681,   10.6850,
 2026-Nov-18 00:00:00, , , 148.230981666,  13.651615228,  148.596987184,  13.524343663,    91.037334711,      16.281186318,        210.064,      -86.963, 112.481, 227.3631,    *,  1.266686,  5.24725060062481,-31.1243544,   10.6886,
 2026-Nov-19 00:00:00, , , 148.344813586,  13.614658396,  148.710810589,  13.487190531,    91.814847303,      16.686297834,        346.091,     -140.682, 112.108, 373.6171,    *,  1.271184,  5.22868532426607,-33.4978924,   10.6923,
 2026-Nov-20 00:00:00, ,m, 148.442641135,  13.583860082,  148.808642166,  13.456217479,    92.604889953,      17.104518418,        435.852,     -175.629, 111.931, 469.9483,    *,  1.275994,  5.20897466520132,-35.0440023,   10.6950,
 2026-Nov-21 00:00:00, ,m, 148.520806358,  13.560622552,  148.886833549,  13.432828908,    93.410093301,      17.538785004,        466.609,     -186.769, 111.797, 502.6468,    *,  1.280989,  5.18866384191518,-35.5491919,   10.6955,
 2026-Nov-22 00:00:00, ,m, 148.577858414,  13.545480996,  148.943942742,  13.417559180,    94.231672836,      17.990172598,        433.379,     -172.216, 111.656, 466.3835,    *,  1.286015,  5.16838490599838,-34.9301954,   10.6922,
 2026-Nov-23 00:00:00, ,m, 148.614819670,  13.538000628,  148.980998570,  13.409970201,    95.069230965,      18.457674749,        339.753,     -133.557, 111.447, 365.0852,    *,  1.290913,  5.14877602709746,-33.2507230,   10.6840,
 2026-Nov-24 00:00:00, ,m, 148.635149752,  13.536795718,  149.001462348,  13.408671441,    95.920749220,      18.938243361,        197.896,      -75.833, 110.959, 211.9361,    *,  1.295537,  5.13039540103403,-30.7224955,   10.6696,
 2026-Nov-25 00:00:00, ,m, 148.644360604,  13.539687988,  149.010840570,  13.411479429,    96.782806869,      19.427125274,         27.116,       -6.932, 104.339,  27.9886,    *,  1.299782,  5.11364035519697,-27.6855148,   10.6486,
 2026-Nov-26 00:00:00, ,m, 148.649287767,  13.543999443,  149.015955507,  13.415711183,    97.651031660,      19.918486727,       -148.557,       63.419, 293.123, 161.5228,    *,  1.303595,  5.09868472507108,-24.5643393,   10.6209,
 2026-Nov-27 00:00:00, ,m, 148.657095684,  13.546945714,  149.023952799,  13.418577486,    98.520741236,      20.406254875,       -303.996,      125.131, 292.385, 328.7218,    *,  1.306988,  5.08544763280207,-21.8048963,   10.5871,
 2026-Nov-28 00:00:00, ,m, 148.674177530,  13.546064794,  149.041206269,  13.417611303,    99.387676610,      20.885037939,       -416.744,      169.273, 292.122, 449.7726,    *,  1.310040,  5.07360157595303,-19.8031769,   10.5483,
 2026-Nov-29 00:00:00, ,m, 148.705163212,  13.539597765,  149.072331263,  13.411048687,   100.248687731,      21.350944678,       -470.484,      189.441, 291.950, 507.1434,    *,  1.312881,  5.06262143670634,-18.8379304,   10.5060,
 2026-Nov-30 00:00:00, ,m, 148.752216788,  13.526753585,  149.119485452,  13.398094484,   101.102245429,      21.802154555,       -457.581,      182.753, 291.788, 492.6815,    *,  1.315676,  5.05186604314663,-19.0276397,   10.4615,
 2026-Dec-01 00:00:00, ,m, 148.814750542,  13.507811885,  149.182083367,  13.379026366,   101.948684607,      22.239137121,       -379.997,      150.181, 291.579, 408.5671,    *,  1.318597,  5.04067598814988,-20.3174025,   10.4163,
 2026-Dec-02 00:00:00, ,m, 148.889578482,  13.484057425,  149.256948125,  13.355130154,   102.790151555,      22.664506144,       -248.837,       96.352, 291.176, 266.8273,    *,  1.321798,  5.02847016259977,-22.4960342,   10.3712,
 2026-Dec-03 00:00:00, , , 148.971437323,  13.457574664,  149.338829728,  13.328494523,   103.630293369,      23.082571319,        -82.390,       28.744, 289.236,  87.2585,    u,  1.325394,  5.01482537093864,-25.2357078,   10.3267,
 2026-Dec-04 00:00:00, , , 149.053753954,  13.430948055,  149.421169801,  13.301710738,   104.473765071,      23.498689430,         96.394,      -43.325, 114.198, 105.6852,    *,  1.329449,  4.99952932734600,-28.1426646,   10.2827,
 2026-Dec-05 00:00:00, , , 149.129529269,  13.406916647,  149.496983156,  13.277526221,   105.325639475,      23.918522936,        263.094,     -109.991, 112.678, 285.1754,    *,  1.333965,  4.98260346888708,-30.8099409,   10.2386,
 2026-Dec-06 00:00:00, , , 149.192231201,  13.388023533,  149.559749075,  13.258492781,   106.190791991,      24.347295227,        394.924,     -162.097, 112.301, 426.9306,    *,  1.338885,  4.96429624931883,-32.8659677,   10.1932,
 2026-Dec-07 00:00:00, , , 149.236615159,  13.376292417,  149.604230523,  13.246641959,   107.073315766,      24.789111511,        473.561,     -192.343, 112.087, 511.1800,    *,  1.344095,  4.94505025656778,-34.0165792,   10.1453,
 2026-Dec-08 00:00:00, , , 149.259404741,  13.372959446,  149.627154152,  13.243215754,   107.976013032,      25.246403148,        487.580,     -196.279, 111.909, 525.6550,    *,  1.349445,  4.92544709373200,-34.0797460,   10.0932,
 2026-Dec-09 00:00:00, , , 149.259768529,  13.378288003,  149.627686902,  13.248480527,   108.900007976,      25.719550787,        434.061,     -172.948, 111.708, 467.2869,    *,  1.354757,  4.90613469705624,-33.0112208,   10.0356,
 2026-Dec-10 00:00:00, , , 149.239524912,  13.391495175,  149.607641122,  13.261652903,   109.844532539,      26.206743183,        319.454,     -125.209, 111.391, 343.1362,    *,  1.359855,  4.88774311572114,-30.9180332,    9.9715,
 2026-Dec-11 00:00:00, , , 149.203011576,  13.410814784,  149.571344868,  13.280962672,   110.806939323,      26.704121184,        158.940,      -59.436, 110.498, 169.6942,    *,  1.364585,  4.87079768838283,-28.0531125,    9.9001,
 2026-Dec-12 00:00:00, , , 149.156570156,  13.433713656,  149.525127832,  13.303869456,   111.782993204,      27.206239959,        -25.247,       15.209, 301.066,  29.4735,    *,  1.368845,  4.85564114963155,-24.7894481,    9.8216,
 2026-Dec-13 00:00:00, , , 149.107677096,  13.457244807,  149.476453802,  13.327416879,   112.767440417,      27.706813532,       -206.915,       88.074, 293.065, 224.8702,    *,  1.372594,  4.84237765040171,-21.5699597,    9.7366,
 2026-Dec-14 00:00:00, , , 149.063831393,  13.478489266,  149.432810196,  13.348675778,   113.754795708,      28.199639366,       -359.820,      148.619, 292.456, 389.2766,    *,  1.375869,  4.83085161647806,-18.8386569,    9.6462,
 2026-Dec-15 00:00:00, , , 149.031389188,  13.495009429,  149.400544394,  13.365199141,   114.740221735,      28.679540491,       -461.721,      188.046, 292.177, 498.4992,    *,  1.378775,  4.82066863261138,-16.9669460,    9.5520,
 2026-Dec-16 00:00:00, , , 149.014571810,  13.505226269,  149.383873217,  13.375400737,   115.720332624,      29.143140729,       -497.902,      200.675, 291.970, 536.7673,    *,  1.381473,  4.81125609012437,-16.1921112,    9.4557,
 2026-Dec-17 00:00:00, , , 149.014840763,  13.508648809,  149.384258843,  13.378785586,   116.693761794,      29.589323834,       -463.207,      184.719, 291.759, 498.6345,    *,  1.384149,  4.80195244469756,-16.5815971,    9.3585,
 2026-Dec-18 00:00:00, ,m, 149.030737340,  13.505922663,  149.400248670,  13.375998892,   117.661395457,      30.019309962,       -362.793,      142.537, 291.463, 389.7612,    *,  1.386993,  4.79210784085383,-18.0295979,    9.2617,
 2026-Dec-19 00:00:00, ,m, 149.058176062,  13.498705268,  149.427768220,  13.368701168,   118.626253431,      30.436370630,       -210.955,       80.119, 290.804, 225.6475,    *,  1.390164,  4.78117796315984,-20.2825467,    9.1655,
 2026-Dec-20 00:00:00, ,m, 149.091094453,  13.489406503,  149.460769437,  13.359308443,   119.593071153,      30.845269294,        -28.938,        6.189, 282.073,  29.5918,    *,  1.393773,  4.76879715505487,-22.9837622,    9.0700,
 2026-Dec-21 00:00:00, ,m, 149.122320752,  13.480847244,  149.492095880,  13.350650304,   120.567677613,      31.251542777,        158.141,      -69.045, 113.580, 172.5627,    *,  1.397869,  4.75482276075981,-25.7267158,    8.9745,
 2026-Dec-22 00:00:00, ,m, 149.144528454,  13.475884996,  149.514433824,  13.345594977,   121.556266388,      31.660729642,        324.605,     -135.233, 112.605, 351.6714,    *,  1.402433,  4.73934855403791,-28.1074107,    8.8777,
 2026-Dec-23 00:00:00, ,m, 149.151171267,  13.477047130,  149.521243675,  13.346681694,   122.564642328,      32.077630408,        447.473,     -183.204, 112.248, 483.5677,    *,  1.407380,  4.72268972473705,-29.7705640,    8.7782,
 2026-Dec-24 00:00:00, ,m, 149.137311032,  13.486206774,  149.507585812,  13.355794975,   123.597513649,      32.505669731,        509.494,     -206.189, 112.014, 549.6909,    *,  1.412569,  4.70534233772661,-30.4514103,    8.6746,
 2026-Dec-25 00:00:00, ,m, 149.100282621,  13.504325192,  149.470786407,  13.373904587,   124.657875178,      32.946406134,        501.293,     -200.679, 111.798, 540.0231,    *,  1.417818,  4.68792133939523,-30.0076876,    8.5653,
 2026-Dec-26 00:00:00, ,m, 149.040121491,  13.531292152,  149.410868802,  13.400903420,   125.746546541,      33.399248505,        423.004,     -167.060, 111.535, 454.8364,    *,  1.422929,  4.67108273810149,-28.4423112,    8.4493,
 2026-Dec-27 00:00:00, ,m, 148.959674439,  13.565896489,  149.330668702,  13.435576770,   126.861941570,      33.861438694,        284.548,     -109.679, 111.068, 304.9715,    *,  1.427711,  4.65543637822518,-25.9120905,    8.3260,
 2026-Dec-28 00:00:00, ,m, 148.864327645,  13.605951069,  149.235564722,  13.475727886,   128.000146451,      34.328341498,        104.755,      -36.417, 109.166, 110.9063,    *,  1.432011,  4.64145926944833,-22.7163564,    8.1955,
 2026-Dec-29 00:00:00, ,m, 148.761327485,  13.648577222,  149.132799078,  13.518464588,   129.155361302,      34.794042944,        -91.099,       42.364, 294.943, 100.4655,    *,  1.435734,  4.62942218292823,-19.2619348,    8.0584,
 2026-Dec-30 00:00:00, ,m, 148.658751240,  13.690620110,  149.030446797,  13.560617393,   130.320696433,      35.252190424,       -274.870,      115.318, 292.770, 298.0633,    *,  1.438867,  4.61934349020550,-16.0046338,    7.9161,
 2026-Dec-31 00:00:00, , , 148.564277326,  13.729131255,  148.936184786,  13.599224603,   131.489227061,      35.696940543,       -419.743,      171.811, 292.277, 453.5061,    *,  1.441476,  4.61098160862818,-13.3762785,    7.7702,
$$EOE
***************************************************************************************************************************************************************************************************************************************
Column meaning:
 
TIME

  Times PRIOR to 1962 are UT1, a mean-solar time closely related to the
prior but now-deprecated GMT. Times AFTER 1962 are in UTC, the current
civil or "wall-clock" time-scale. UTC is kept within 0.9 seconds of UT1
using integer leap-seconds for 1972 and later years.

  Conversion from the internal Barycentric Dynamical Time (TDB) of solar
system dynamics to the non-uniform civil UT time-scale requested for output
has not been determined for UTC times after the next July or January 1st.
Therefore, the last known leap-second is used as a constant over future
intervals.

  Time tags refer to the UT time-scale conversion from TDB on Earth
regardless of observer location within the solar system, although clock
rates may differ due to the local gravity field and no analog to "UT"
may be defined for that location.

  Any 'b' symbol in the 1st-column denotes a B.C. date. First-column blank
(" ") denotes an A.D. date.
 
CALENDAR SYSTEM

  Mixed calendar mode was active such that calendar dates after AD 1582-Oct-15
(if any) are in the modern Gregorian system. Dates prior to 1582-Oct-5 (if any)
are in the Julian calendar system, which is automatically extended for dates
prior to its adoption on 45-Jan-1 BC.  The Julian calendar is useful for
matching historical dates. The Gregorian calendar more accurately corresponds
to the Earth's orbital motion and seasons. A "Gregorian-only" calendar mode is
available if such physical events are the primary interest.

  NOTE: "n.a." in output means quantity "not available" at the print-time.
 
SOLAR PRESENCE (OBSERVING SITE)
  Time tag is followed by a blank, then a solar-presence symbol:

       '*'  Daylight (refracted solar upper-limb on or above apparent horizon)
       'C'  Civil twilight/dawn
       'N'  Nautical twilight/dawn
       'A'  Astronomical twilight/dawn
       ' '  Night OR geocentric ephemeris

LUNAR PRESENCE (OBSERVING SITE)
  The solar-presence symbol is immediately followed by a lunar-presence symbol:

       'm'  Refracted upper-limb of Moon on or above apparent horizon
       ' '  Refracted upper-limb of Moon below apparent horizon OR geocentric
            ephemeris
 
 'R.A.___(ICRF), DEC____(ICRF),' =
  Astrometric right ascension and declination of the target center with
respect to the observing site (coordinate origin) in the reference frame of
the planetary ephemeris (ICRF). Compensated for down-leg light-time delay
aberration.

  Units: RA  in decimal degrees,  ddd.fffff{ffff}
         DEC in decimal degrees,  sdd.fffff{ffff}
 
 'R.A.__(a-app), DEC___(a-app),' =
  Airless apparent right ascension and declination of the target center
with respect to an instantaneous reference frame defined by the Earth equator
of-date (z-axis) and meridian containing the Earth equinox of-date (x-axis,
EOP-corrected IAU76/80). Compensated for down-leg light-time delay,
gravitational deflection of light, stellar aberration, precession & nutation.
Note: equinox (RA origin) is offset -53 mas from the of-date frame defined by
the IAU06/00a P & N system.

  Units: RA  in decimal degrees, ddd.fffff{ffff}
         DEC in decimal degrees  sdd.fffff{ffff}

 
 'Azimuth_(a-app), Elevation_(a-app),' =
  Airless apparent azimuth and elevation of target center. Compensated
for light-time, the gravitational deflection of light, stellar aberration,
precession and nutation. Azimuth is measured clockwise from north:

  North(0) -> East(90) -> South(180) -> West(270) -> North (360)

Elevation angle is with respect to a plane perpendicular to the reference
surface local zenith direction. TOPOCENTRIC ONLY.  Units: DEGREES
 
 'X_(sat-prim), Y_(sat-prim), SatPANG,' =
   Satellite apparent differential coordinates in the plane-of-sky with
respect to the primary body along with the satellite position angle.
Differential coordinates are defined in RA as:

     X= ((RA_sat - RA_primary) * cosine(DEC_primary))

... and in DEC as:

     Y= (DEC_sat - DEC_primary)

Non-lunar satellites only. "SatPANG" is the counter-clockwise (CCW) position
angle from the reference-frame of-date north-pole to a line from the primary
center to the satellite center. Units: ARCSECONDS (X & Y), DEGREES (pos, angle)
 
 'ang-sep, vis.,' =
  The angular separation between the center of the target object and the center
of the (remote) primary body it revolves around, as seen by the observer, with
target visibility code.

  Visibility codes (refers to limb-to-limb):

    /t = Transiting primary body disk    /O = Occulted by primary body disk
    /p = Partial umbral eclipse          /P = Occulted partial umbral eclipse
    /u = Total umbral eclipse            /U = Occulted total umbral eclipse
    /- = Target is the primary body      /* = None of above ("free and clear")

  The radius of both primary and target body is taken to be the equatorial
value (maximum, given a triaxial shape). Atmospheric effects and oblateness
aspect are NOT currently considered.  Light-time is considered.

  Units: ARCSECONDS and visibility code
 
 'Ang-diam,' =
   The equatorial angular width of the target body full disk, if it were fully
illuminated and visible to the observer. If the target body diameter is unknown
"n.a." is output.

   Units: ARCSECONDS
 
 'delta,     deldot,' =
   Apparent range ("delta", light-time aberrated) and range-rate ("delta-dot")
of the target center relative to the observer. A positive "deldot" means the
target center is moving away from the observer, negative indicates movement
toward the observer.  Units: AU and KM/S
 
 'S-T-O,' =
   The Sun-Target-Observer angle; the interior vertex angle at target center
formed by a vector from the target to the apparent center of the Sun (at
reflection time on the target) and the apparent vector from target to the
observer at print-time. Slightly different from true PHASE ANGLE (requestable
separately) at the few arcsecond level in that it includes stellar aberration
on the down-leg from target to observer.  Units: DEGREES

Computations by ...

    Solar System Dynamics Group, Horizons On-Line Ephemeris System
    4800 Oak Grove Drive, Jet Propulsion Laboratory
    Pasadena, CA  91109   USA

    General site: https://ssd.jpl.nasa.gov/
    Mailing list: https://ssd.jpl.nasa.gov/email_list.html
    System news : https://ssd.jpl.nasa.gov/horizons/news.html
    User Guide  : https://ssd.jpl.nasa.gov/horizons/manual.html
    Connect     : browser        https://ssd.jpl.nasa.gov/horizons/app.html#/x
                  API            https://ssd-api.jpl.nasa.gov/doc/horizons.html
                  command-line   telnet ssd.jpl.nasa.gov 6775
                  e-mail/batch   https://ssd.jpl.nasa.gov/ftp/ssd/horizons_batch.txt
                  scripts        https://ssd.jpl.nasa.gov/ftp/ssd/SCRIPTS
    Inquiries   : Jon.D.Giorgini@jpl.nasa.gov

***************************************************************************************************************************************************************************************************************************************
