# JPL Horizons response, kept whole (#472)
# request-url: https://ssd.jpl.nasa.gov/api/horizons.api?format=text&COMMAND=%27502%27&MAKE_EPHEM=%27YES%27&EPHEM_TYPE=%27OBSERVER%27&CENTER=%27coord%40399%27&COORD_TYPE=%27GEODETIC%27&QUANTITIES=%271%2C2%2C4%2C6%2C12%2C13%2C20%2C24%27&EXTRA_PREC=%27YES%27&ANG_FORMAT=%27DEG%27&APPARENT=%27AIRLESS%27&CSV_FORMAT=%27YES%27&TIME_DIGITS=%27SECONDS%27&SITE_COORD=%2710.75%2C59.91%2C0.0%27&START_TIME=%272026-01-01%2000%3A00%27&STOP_TIME=%272026-12-31%2000%3A00%27&STEP_SIZE=%271%20d%27
# requested-utc: 2026-10-07T13:53:21Z
# body-sha256: 9d4aa057198fc74da3f262e6a5c1665ef163129026a35e21930c502afd64e285
# body-bytes: 95562
# complete: True
API VERSION: 1.2
API SOURCE: NASA/JPL Horizons API

*******************************************************************************
 Revised: Mar 12, 2021           Europa / (Jupiter)                         502

 SATELLITE PHYSICAL PROPERTIES:
  Mean radius (km)       = 1560.8   +- 0.3    Density (g cm^-3)= 3.013 +- 0.005
  GM   (km^3/s^2)        = 3202.7121+- 0.0054 Geometric Albedo = 0.67 +/- 0.03  
                                              V(1,0)           = -1.41

 SATELLITE ORBIT (at J2000.0 epoch, 2000-Jan-1.5):
  Semi-major axis, a (km) ~ 671,000           Orbital period   ~ 3.55 d
  Eccentricity, e         ~ 0.00981        Rotational period   = Synchronous
  Inclination, i  (deg)   ~ 0.462
*******************************************************************************


*******************************************************************************
Ephemeris / API_USER Wed Oct  7 06:53:22 2026 Pasadena, USA      / Horizons    
*******************************************************************************
Target body name: Europa (502)                    {source: jup365_merged}
Center body name: Earth (399)                     {source: DE441}
Center-site name: (user defined site below)
*******************************************************************************
Start time      : A.D. 2026-Jan-01 00:00:00.0000 UT      
Stop  time      : A.D. 2026-Dec-31 00:00:00.0000 UT      
Step-size       : 1440 minutes
*******************************************************************************
Target pole/equ : IAU_EUROPA                      {West-longitude positive}
Target radii    : 1562.6, 1560.3, 1559.5 km       {Equator_a, b, pole_c}       
Center geodetic : 10.75, 59.91, 0.0               {E-lon(deg),Lat(deg),Alt(km)}
Center cylindric: 10.75, 3205.78431, 5495.4568    {E-lon(deg),Dxy(km),Dz(km)}
Center pole/equ : ITRF93                          {East-longitude positive}
Center radii    : 6378.137, 6378.137, 6356.752 km {Equator_a, b, pole_c}       
Target primary  : Jupiter
Vis. interferer : MOON (R_eq= 1737.400) km        {source: DE441}
Rel. light bend : Sun                             {source: jup365_merged}
Rel. lght bnd GM: 1.3271E+11 km^3/s^2                                          
Atmos refraction: NO (AIRLESS)
RA format       : DEG
Time format     : CAL 
Calendar mode   : Mixed Julian/Gregorian
EOP file        : eop.261006.p270102                                           
EOP coverage    : DATA-BASED 1962-JAN-20 TO 2026-OCT-06. PREDICTS-> 2027-JAN-01
Units conversion: 1 au= 149597870.700 km, c= 299792.458 km/s, 1 day= 86400.0 s 
Table cut-offs 1: Elevation (-90.0deg=NO ),Airmass (>38.000=NO), Daylight (NO )
Table cut-offs 2: Solar elongation (  0.0,180.0=NO ),Local Hour Angle( 0.0=NO )
Table cut-offs 3: RA/DEC angular rate (     0.0=NO )                           
Table format    : Comma Separated Values (spreadsheet)
***************************************************************************************************************************************************************************************************************************************
 Date__(UT)__HR:MN:SS, , , R.A.___(ICRF), DEC____(ICRF),  R.A.__(a-app), DEC___(a-app), Azimuth_(a-app), Elevation_(a-app),   X_(sat-prim), Y_(sat-prim), SatPANG,  ang-sep, vis.,  Ang-diam,             delta,     deldot,     S-T-O,
***************************************************************************************************************************************************************************************************************************************
$$SOE
 2026-Jan-01 00:00:00, ,m, 112.747363265,  22.030062958,  113.142394330,  21.974576691,   177.391472642,      52.044836771,         60.106,      -15.145, 104.139,  61.9851,    *,  1.016683,  4.23830312303813, -8.3098366,    2.0330,
 2026-Jan-02 00:00:00, ,m, 112.526371414,  22.067603934,  112.921719077,  22.012621061,   179.210133869,      52.100812517,       -212.040,       39.704, 280.618, 215.7174,    *,  1.016320,  4.23981543267323,  9.8299776,    1.8057,
 2026-Jan-03 00:00:00, ,m, 112.459335698,  22.078613910,  112.854867485,  22.023775548,   180.798887257,      52.111925773,         32.320,       -2.256,  93.992,  32.3985,    *,  1.015693,  4.24243276088489, -5.3734859,    1.6053,
 2026-Jan-04 00:00:00, ,m, 112.369924453,  22.090833296,  112.765644650,  22.036202926,   182.421536413,      52.109208222,        204.749,      -39.587, 100.931, 208.5490,    *,  1.017550,  4.23469098950722,-15.8050226,    1.3976,
 2026-Jan-05 00:00:00, ,m, 112.134843884,  22.128560128,  112.530863124,  22.074495614,   184.264480365,      52.111801092,       -106.070,       16.324, 278.755, 107.3173,    *,  1.018502,  4.23073412200582,  4.5222807,    1.1645,
 2026-Jan-06 00:00:00, ,m, 111.977161843,  22.155114223,  112.373393831,  22.101435863,   185.988947327,      52.087496513,       -156.753,       31.555, 281.391, 159.8927,    *,  1.017135,  4.23641804838476,  8.4586318,    0.9482,
 2026-Jan-07 00:00:00, ,m, 111.934042706,  22.160506066,  112.330360590,  22.106939965,   187.536515781,      52.032256386,        176.017,      -30.115,  99.699, 178.5799,    *,  1.017441,  4.23514570222410,-12.3227843,    0.7492,
 2026-Jan-08 00:00:00, ,m, 111.765904509,  22.185266203,  112.162394221,  22.132110720,   189.270297596,      51.972823851,         93.492,      -20.649, 102.449,  95.7472,    *,  1.019192,  4.22787010215405, -6.5705366,    0.5252,
 2026-Jan-09 00:00:00, ,m, 111.531935937,  22.223060543,  111.928648883,  22.170470394,   191.099751638,      51.902904254,       -207.254,       36.697, 280.053, 210.4706,    *,  1.018536,  4.23059229414421, 13.3155228,    0.2951,
 2026-Jan-10 00:00:00, ,m, 111.449384143,  22.236203832,  111.846190057,  22.183809242,   192.693501676,      51.805767864,         -2.904,        4.425, 326.724,   5.2934,    U,  1.017190,  4.23619217631911,  0.7504271,    0.1002,
 2026-Jan-11 00:00:00, , , 111.370541104,  22.246067887,  111.767432355,  22.193855149,   194.274742828,      51.691299153,        214.033,      -39.191, 100.364, 217.5996,    *,  1.018357,  4.23133370674059,-12.4877672,    0.1310,
 2026-Jan-12 00:00:00, , , 111.140046994,  22.281066757,  111.537157655,  22.229398894,   196.078023876,      51.566891113,        -74.168,        9.560, 277.349,  74.7812,    *,  1.019023,  4.22856886639865,  6.3393375,    0.3602,
 2026-Jan-13 00:00:00, , , 110.964839154,  22.309229221,  111.362137803,  22.257971225,   197.789291671,      51.425612854,       -178.639,       33.828, 280.734, 181.8075,    *,  1.017187,  4.23620216485104, 13.7386935,    0.5774,
 2026-Jan-14 00:00:00, , , 110.920951245,  22.314635733,  111.318334916,  22.263469644,   199.293364769,      51.266902661,        153.196,      -24.300,  99.004, 155.1144,    *,  1.016683,  4.23830074646207, -6.9783989,    0.7756,
 2026-Jan-15 00:00:00, , , 110.769033123,  22.335511101,  111.166592765,  22.284700723,   200.949296530,      51.091586800,        124.160,      -25.079, 101.412, 126.6708,    *,  1.017941,  4.23306415601756, -4.6195219,    0.9986,
 2026-Jan-16 00:00:00, , , 110.530100320,  22.372205441,  110.927916415,  22.321966305,   202.724139433,      50.899758580,       -195.975,       32.622, 279.462, 198.6656,    *,  1.017009,  4.23694254936682, 16.4705192,    1.2302,
 2026-Jan-17 00:00:00, , , 110.435377080,  22.386844647,  110.833336572,  22.336831881,   204.272893369,      50.698321129,        -38.110,       10.481, 285.380,  39.5242,    *,  1.014985,  4.24539353774009,  6.8982057,    1.4320,
 2026-Jan-18 00:00:00, , , 110.370544231,  22.394137774,  110.768611649,  22.344284575,   205.765222827,      50.482850694,        216.837,      -37.504,  99.800, 220.0643,    *,  1.015420,  4.24357326877402, -8.7973891,    1.6370,
 2026-Jan-19 00:00:00, , , 110.152731390,  22.425367763,  110.551017803,  22.376052868,   207.469533165,      50.243382443,        -39.890,        2.951, 274.233,  39.9989,    *,  1.015774,  4.24209702204487,  8.0239229,    1.8687,
 2026-Jan-20 00:00:00, , , 109.966378801,  22.454008762,  110.364851076,  22.405160957,   209.114238314,      49.993053620,       -194.950,       34.775, 280.125, 198.0203,    *,  1.013529,  4.25149337095383, 18.6850415,    2.0841,
 2026-Jan-21 00:00:00, , , 109.924112320,  22.459189608,  110.322637896,  22.410459932,   210.536112959,      49.741853130,        125.703,      -18.109,  98.190, 127.0028,    *,  1.012234,  4.25693243073029, -1.4005148,    2.2773,
 2026-Jan-22 00:00:00, , , 109.794209997,  22.475708927,  110.192833561,  22.427311485,   212.070111103,      49.467459985,        151.054,      -28.349, 100.621, 153.6958,    *,  1.012956,  4.25389701078345, -2.5116717,    2.4940,
 2026-Jan-23 00:00:00, , , 109.558787573,  22.510093114,  109.957580604,  22.462283541,   213.740126470,      49.168354854,       -178.552,       27.751, 278.845, 180.6907,    *,  1.011780,  4.25884323453136, 19.2038310,    2.7204,
 2026-Jan-24 00:00:00, , , 109.455875405,  22.525561076,  109.854732728,  22.478009796,   215.207203506,      48.874430349,        -72.068,       15.715, 282.305,  73.7603,    *,  1.009151,  4.26993465013546, 12.9022686,    2.9158,
 2026-Jan-25 00:00:00, , , 109.408168899,  22.530173925,  109.807042389,  22.482738720,   216.581687479,      48.575175355,        213.034,      -34.724,  99.245, 215.8527,    *,  1.008847,  4.27122294922621, -4.8444667,    3.1119,
 2026-Jan-26 00:00:00, ,m, 109.210828752,  22.556838672,  109.609837803,  22.509880000,   218.149620028,      48.240892746,         -4.420,       -3.247, 233.704,   5.4846,    t,  1.008879,  4.27108551212198,  9.5042092,    3.3351,
 2026-Jan-27 00:00:00, ,m, 109.020164509,  22.584916744,  109.419325723,  22.538414102,   219.692615706,      47.897248799,       -205.098,       34.492, 279.559, 207.9711,    *,  1.006309,  4.28199551776833, 23.1402311,    3.5427,
 2026-Jan-28 00:00:00, ,m, 108.981804010,  22.589667727,  109.381021182,  22.543245714,   221.011596156,      47.569366753,         94.455,      -11.828,  97.132,  95.1935,    *,  1.004281,  4.29064408729088,  4.2457246,    3.7256,
 2026-Jan-29 00:00:00, ,m, 108.878844380,  22.601597002,  109.278173522,  22.555417335,   222.402914523,      47.217617453,        173.220,      -30.452,  99.960, 175.8820,    *,  1.004455,  4.28990054007465, -0.3320743,    3.9309,
 2026-Jan-30 00:00:00, ,m, 108.655105739,  22.632709894,  109.054646003,  22.587076995,   223.940997128,      46.832218245,       -155.590,       22.366, 278.189, 157.1861,    *,  1.003080,  4.29577917462902, 21.4092802,    4.1471,
 2026-Jan-31 00:00:00, ,m, 108.547988818,  22.648418391,  108.947657654,  22.603054230,   225.308301767,      46.462162141,       -103.601,       20.016, 280.941, 105.5152,    *,  0.999953,  4.30921357239623, 18.5840098,    4.3316,
 2026-Feb-01 00:00:00, ,m, 108.519546142,  22.650409496,  108.919267133,  22.605128541,   226.556667055,      46.098765913,        202.737,      -31.080,  98.704, 205.1114,    *,  0.998938,  4.31359184136997, -0.7430050,    4.5143,
 2026-Feb-02 00:00:00, ,m, 108.349318627,  22.672042903,  108.749168404,  22.627201176,   227.975047811,      45.693393536,         31.000,       -8.843, 105.920,  32.2368,    *,  0.998658,  4.31480049568546, 10.7268218,    4.7245,
 2026-Feb-03 00:00:00, ,m, 108.160837064,  22.698734114,  108.560811578,  22.654379415,   229.401859259,      45.276094786,       -208.702,       33.134, 279.034, 211.3085,    *,  0.995859,  4.32692791228248, 26.9791851,    4.9202,
 2026-Feb-04 00:00:00, ,m, 108.127966733,  22.702976887,  108.527936976,  22.658722871,   230.614793950,      44.888827205,         60.536,       -5.701,  95.377,  60.8045,    *,  0.993186,  4.33857361396815,  9.8324886,    5.0890,
 2026-Feb-05 00:00:00, ,m, 108.055368916,  22.710369669,  108.455342110,  22.666309934,   231.863461785,      44.481999484,        189.901,      -31.451,  99.392, 192.4941,    *,  0.992821,  4.34016762109652,  1.8887541,    5.2787,
 2026-Feb-06 00:00:00, ,m, 107.850521930,  22.737577585,  108.250586237,  22.694033864,   233.263633688,      44.033132621,       -127.890,       16.722, 277.457, 128.9761,    *,  0.991299,  4.34683349736041, 23.0554559,    5.4809,
 2026-Feb-07 00:00:00, ,m, 107.742818625,  22.753091124,  108.142914704,  22.709817472,   234.529141666,      43.604449633,       -131.573,       23.339, 280.067, 133.6235,    *,  0.987791,  4.36227026700110, 23.8362497,    5.6511,
 2026-Feb-08 00:00:00, , , 107.734616954,  22.752690578,  108.134678454,  22.709435797,   235.658483972,      43.195471308,        186.310,      -26.803,  98.176, 188.2333,    *,  0.986118,  4.36967112151622,  3.4654022,    5.8168,
 2026-Feb-09 00:00:00, , , 107.596795283,  22.769132799,  107.996914821,  22.726215426,   236.932005952,      42.741885128,         65.130,      -13.721, 101.893,  66.5609,    *,  0.985540,  4.37223455286244, 11.7180560,    6.0103,
 2026-Feb-10 00:00:00, , , 107.416616526,  22.793823497,  107.816838657,  22.751348269,   238.243415545,      42.270819055,       -205.625,       30.874, 278.551, 207.9232,    *,  0.982607,  4.38528173546140, 30.1518862,    6.1907,
 2026-Feb-11 00:00:00, , , 107.390402946,  22.797554198,  107.790635756,  22.755140333,   239.358382512,      41.840240843,         25.137,        0.088,  89.798,  25.1371,    u,  0.979395,  4.39966701057579, 15.2814955,    6.3423,
 2026-Feb-12 00:00:00, , , 107.350373628,  22.800639531,  107.750625464,  22.758324226,   240.476852031,      41.398082961,        200.504,      -31.447,  98.902, 202.9612,    *,  0.978515,  4.40362418098516,  4.1615820,    6.5130,
 2026-Feb-13 00:00:00, , , 107.170895775,  22.823531766,  107.571262168,  22.781666135,   241.746274111,      40.907196576,        -96.447,       11.032, 276.531,  97.0746,    *,  0.976891,  4.41094503746380, 24.1449672,    6.6979,
 2026-Feb-14 00:00:00, , , 107.066245794,  22.838479911,  107.466682505,  22.796883756,   242.917373313,      40.436431940,       -155.001,       25.703, 279.425, 157.1132,    *,  0.973125,  4.42801300226257, 28.5598251,    6.8509,
 2026-Feb-15 00:00:00, , , 107.078564885,  22.835958241,  107.478984990,  22.794346096,   243.942527979,      39.997750804,        164.320,      -22.104,  97.651, 165.8038,    *,  0.970866,  4.43831725892045,  7.7235515,    6.9967,
 2026-Feb-16 00:00:00, , , 106.977335492,  22.847215094,  107.377794734,  22.805874158,   245.085329674,      39.515921228,         96.749,      -17.821, 100.431,  98.3778,    *,  0.970009,  4.44223560279243, 12.4891837,    7.1702,
 2026-Feb-17 00:00:00, , , 106.811340015,  22.869410144,  107.211869573,  22.828504921,   246.290503635,      39.009432598,       -195.985,       27.894, 278.112, 197.9542,    *,  0.967036,  4.45589425384547, 32.5858503,    7.3326,
 2026-Feb-18 00:00:00, , , 106.792747717,  22.872618892,  107.193239853,  22.831782568,   247.320857260,      38.549474709,        -10.505,        5.415, 297.270,  11.8189,    O,  0.963403,  4.47269727715276, 20.4739521,    7.4644,
 2026-Feb-19 00:00:00, , , 106.786359895,  22.871696658,  107.186785086,  22.830895690,   248.327040768,      38.088119185,        204.672,      -30.570,  98.483, 206.9485,    *,  0.962048,  4.47899912192215,  6.4573414,    7.6134,
 2026-Feb-20 00:00:00, , , 106.637816476,  22.890013033,  107.038255080,  22.849595884,   249.479303548,      37.573736389,        -62.389,        5.462, 275.007,  62.6272,    *,  0.960367,  4.48683730448481, 24.6582000,    7.7782,
 2026-Feb-21 00:00:00, , , 106.539740901,  22.904064141,  106.940167991,  22.863897856,   250.567695681,      37.075398463,       -173.037,       27.160, 278.931, 175.1505,    *,  0.956469,  4.50512160913284, 32.6263304,    7.9117,
 2026-Feb-22 00:00:00, , , 106.572075023,  22.899693182,  106.972415545,  22.859445220,   251.506133943,      36.619540745,        137.554,      -17.158,  97.102, 138.6223,    *,  0.953714,  4.51813888283183, 11.9422513,    8.0353,
 2026-Feb-23 00:00:00, ,m, 106.510252378,  22.905884230,  106.910573917,  22.865783867,   252.535926020,      36.125448613,        124.763,      -21.137,  99.608, 126.5439,    *,  0.952606,  4.52338964239468, 13.0359103,    8.1866,
 2026-Feb-24 00:00:00, ,m, 106.363708427,  22.925197399,  106.764086339,  22.885454228,   253.647480282,      35.599174764,       -180.134,       24.357, 277.711, 181.7687,    *,  0.949678,  4.53733684807585, 34.2072498,    8.3288,
 2026-Feb-25 00:00:00, ,m, 106.353307067,  22.927874634,  106.753678799,  22.888151311,   254.607983135,      35.121123058,        -45.117,       10.206, 282.750,  46.2561,    *,  0.945753,  4.55616671467344, 25.2743182,    8.4391,
 2026-Feb-26 00:00:00, ,m, 106.380268125,  22.923295161,  106.780614233,  22.883503927,   255.520934635,      34.652736289,        202.286,      -28.947,  98.132, 204.3531,    *,  0.943977,  4.56474180469783,  8.7395202,    8.5645,
 2026-Feb-27 00:00:00, ,m, 106.266901316,  22.936912140,  106.667306083,  22.897410902,   256.571675256,      34.129821292,        -26.940,        0.124, 270.265,  26.9401,    *,  0.942281,  4.57295614221768, 24.5879846,    8.7074,
 2026-Feb-28 00:00:00, ,m, 106.178441212,  22.949800762,  106.578887495,  22.910535574,   257.590233924,      33.616077319,       -185.059,       27.788, 278.551, 187.1288,    *,  0.938372,  4.59200677305002, 35.9203724,    8.8201,
 2026-Mar-01 00:00:00, ,m, 106.229286210,  22.943874290,  106.629672170,  22.904503337,   258.459368238,      33.152467001,        106.965,      -12.101,  96.448, 107.6489,    *,  0.935221,  4.60747956783772, 16.0370978,    8.9203,
 2026-Mar-02 00:00:00, ,m, 106.207951960,  22.945234115,  106.608293716,  22.905940289,   259.394344031,      32.658207108,        148.181,      -23.689,  99.074, 150.0665,    *,  0.933894,  4.61402626635336, 13.3843026,    9.0479,
 2026-Mar-03 00:00:00, ,m, 106.085080635,  22.961411353,  106.485423310,  22.922447497,   260.425709403,      32.124991210,       -158.680,       20.398, 277.335, 159.9819,    *,  0.931084,  4.62794938283354, 34.9922338,    9.1689,
 2026-Mar-04 00:00:00, ,m, 106.082811567,  22.963593846,  106.483074559,  22.924654872,   261.330776568,      31.637797103,        -77.489,       14.431, 280.554,  78.8201,    *,  0.926993,  4.64837321255021, 29.5904671,    9.2571,
 2026-Mar-05 00:00:00, ,m, 106.141323190,  22.955774794,  106.541457654,  22.916702859,   262.168758394,      31.171039167,        193.462,      -26.689,  97.843, 195.2998,    *,  0.924854,  4.65912296504486, 11.0221922,    9.3581,
 2026-Mar-06 00:00:00, ,m, 106.065812148,  22.964704435,  106.465895135,  22.925827789,   263.133420224,      30.651067124,          8.604,       -4.908, 119.702,   9.9059,    t,  0.923173,  4.66760681732201, 24.0095519,    9.4783,
 2026-Mar-07 00:00:00, ,m, 105.989453214,  22.976243224,  106.389498700,  22.937558718,   264.094413293,      30.131792035,       -190.660,       27.658, 278.265, 192.6500,    *,  0.919356,  4.68698803326380, 38.4061137,    9.5699,
 2026-Mar-08 00:00:00, ,m, 106.056513413,  22.969075999,  106.456447657,  22.930221757,   264.910081422,      29.667159704,         73.651,       -7.025,  95.445,  73.9857,    *,  0.915908,  4.70463217383693, 19.9886855,    9.6464,
 2026-Mar-09 00:00:00, , , 106.075267524,  22.965906416,  106.475123619,  22.927001228,   265.766955921,      29.181266108,        166.212,      -25.508,  98.715, 168.1619,    *,  0.914386,  4.71246311940039, 13.6323520,    9.7497,
 2026-Mar-10 00:00:00, , , 105.979485179,  22.978764674,  106.379344005,  22.940094965,   266.730378149,      28.651242468,       -132.424,       16.115, 276.946, 133.3989,    *,  0.911747,  4.72610546966460, 34.9991264,    9.8493,
 2026-Mar-11 00:00:00, , , 105.985189270,  22.980475694,  106.385006476,  22.941790687,   267.592520644,      28.161943105,       -106.456,       18.071, 279.640, 107.9774,    *,  0.907602,  4.74768693905206, 33.3764088,    9.9153,
 2026-Mar-12 00:00:00, , , 106.072601053,  22.969814550,  106.472329379,  22.930914080,   268.371513509,      27.702708823,        178.558,      -23.879,  97.606, 180.1524,    *,  0.905158,  4.76050473369649, 13.3462820,    9.9917,
 2026-Mar-13 00:00:00, , , 106.036611621,  22.974086510,  106.436320282,  22.935283292,   269.263679672,      27.194263217,         42.982,       -9.589, 102.574,  44.0391,    *,  0.903508,  4.76920158704253, 23.0262600,   10.0888,
 2026-Mar-14 00:00:00, , , 105.974825157,  22.984061024,  106.374531864,  22.945424876,   270.177472761,      26.677633918,       -189.667,       26.825, 278.061, 191.5499,    *,  0.899865,  4.78850592349660, 40.0609483,   10.1594,
 2026-Mar-15 00:00:00, , , 106.055713741,  22.975891094,  106.455328373,  22.937070821,   270.953086538,      26.216994146,         38.811,       -1.998,  92.945,  38.8628,    u,  0.896216,  4.80800516993874, 23.7482756,   10.2123,
 2026-Mar-16 00:00:00, , , 106.113229317,  22.968452082,  106.512745612,  22.929509274,   271.746305283,      25.745410109,        178.248,      -26.622,  98.484, 180.2303,    *,  0.894521,  4.81711386149284, 13.8468721,   10.2912,
 2026-Mar-17 00:00:00, , , 106.047473926,  22.977777827,  106.446949813,  22.939021048,   272.652132506,      25.226644595,       -102.350,       11.582, 276.462, 103.0024,    *,  0.892087,  4.83025995796131, 34.2629508,   10.3692,
 2026-Mar-18 00:00:00, , , 106.061227577,  22.978960013,  106.460608853,  22.940189148,   273.481662755,      24.741028433,       -131.022,       21.120, 279.165, 132.7110,    *,  0.887991,  4.85254069305559, 36.5409732,   10.4134,
 2026-Mar-19 00:00:00, , , 106.174372933,  22.965778141,  106.573587868,  22.926740145,   274.215275407,      24.293226128,        158.139,      -20.580,  97.405, 159.4755,    *,  0.885302,  4.86727897110729, 15.6904559,   10.4653,
 2026-Mar-20 00:00:00, , , 106.178613481,  22.965388536,  106.577718533,  22.926347144,   275.046528791,      23.802435331,         74.949,      -13.881, 100.488,  76.2249,    *,  0.883691,  4.87615252389971, 21.7049926,   10.5394,
 2026-Mar-21 00:00:00, , , 106.133788796,  22.973529509,  106.532825935,  22.934598841,   275.921526649,      23.295086655,       -182.173,       25.331, 277.927, 183.9212,    *,  0.880291,  4.89498439271988, 40.8335051,   10.5892,
 2026-Mar-22 00:00:00, , , 106.226055329,  22.964518863,  106.624963715,  22.925350900,   276.668256201,      22.842053509,          3.673,        2.933,  51.388,   4.7003,    O,  0.876533,  4.91596850131033, 27.2216447,   10.6191,
 2026-Mar-23 00:00:00, , , 106.320021408,  22.953030241,  106.718813880,  22.913617541,   277.410185987,      22.388441816,        183.923,      -27.042,  98.353, 185.9056,    *,  0.874690,  4.92632802759329, 14.0580465,   10.6739,
 2026-Mar-24 00:00:00, ,m, 106.286468764,  22.958586683,  106.685239337,  22.919247787,   278.267002319,      21.886957609,        -69.587,        6.853, 275.629,  69.9235,    *,  0.872482,  4.93879321361591, 32.8183945,   10.7306,
 2026-Mar-25 00:00:00, ,m, 106.308388408,  22.959129039,  106.707124223,  22.919731248,   279.072287143,      21.409684583,       -150.335,       23.563, 278.917, 152.1670,    *,  0.868526,  4.96129193804703, 38.9821613,   10.7539,
 2026-Mar-26 00:00:00, ,m, 106.443480416,  22.943712783,  106.842115720,  22.903982077,   279.772195632,      20.975655409,        132.978,      -16.832,  97.206, 134.0413,    *,  0.865654,  4.97775229121560, 18.0164587,   10.7820,
 2026-Mar-27 00:00:00, ,m, 106.487458908,  22.938657803,  106.886035214,  22.898828454,   280.552541077,      20.506558489,        103.402,      -17.749,  99.734, 104.9157,    *,  0.864086,  4.98678309826762, 20.1224501,   10.8336,
 2026-Mar-28 00:00:00, ,m, 106.461569950,  22.944681625,  106.860119085,  22.904933700,   281.395639814,      20.013835915,       -168.504,       23.197, 277.848, 170.0896,    *,  0.860980,  5.00477388306028, 40.7068603,   10.8636,
 2026-Mar-29 00:00:00, ,m, 106.562582535,  22.934971963,  106.961015207,  22.894993641,   282.122997439,      19.571161702,        -30.496,        7.721, 284.209,  31.4582,    *,  0.857202,  5.02683258529744, 30.3275700,   10.8716,
 2026-Mar-30 00:00:00, ,m, 106.689590874,  22.919671765,  107.087867515,  22.879398504,   282.824595493,      19.137562375,        183.112,      -26.767,  98.306, 185.0632,    *,  0.855233,  5.03840451873433, 14.3215047,   10.9032,
 2026-Mar-31 00:00:00, ,m, 106.689421551,  22.921243691,  107.087602679,  22.880988166,   283.639779366,      18.657758591,        -35.345,        1.975, 273.200,  35.4000,    *,  0.853259,  5.05005966565959, 30.7597919,   10.9397,
 2026-Apr-01 00:00:00, ,m, 106.719550513,  22.921029349,  107.117617056,  22.880711306,   284.427741785,      18.192731430,       -163.755,       25.367, 278.815, 165.7044,    *,  0.849516,  5.07230942474066, 40.6576101,   10.9434,
 2026-Apr-02 00:00:00, ,m, 106.872303858,  22.903680806,  107.270180518,  22.862990023,   285.104170850,      17.773802554,        104.024,      -12.666,  96.936, 104.7935,    *,  0.846519,  5.09026956447315, 20.3248366,   10.9490,
 2026-Apr-03 00:00:00, ,m, 106.954400408,  22.893991197,  107.352129370,  22.853096984,   285.842390171,      17.328742115,        127.343,      -21.141,  99.418, 129.0889,    *,  0.844990,  5.09948265245612, 18.4183438,   10.9792,
 2026-Apr-04 00:00:00, ,m, 106.949083311,  22.897609617,  107.346731390,  22.856724081,   286.659094900,      16.854832561,       -149.233,       20.428, 277.803, 150.6217,    *,  0.842207,  5.11633391186040, 39.7423615,   10.9907,
 2026-Apr-05 00:00:00, ,m, 107.056360593,  22.887327920,  107.453876976,  22.846169937,   287.374948000,      16.424666135,        -62.505,       12.310, 281.145,  63.7043,    *,  0.838483,  5.13905440479032, 33.0328420,   10.9783,
 2026-Apr-06 00:00:00, ,m, 107.212365585,  22.868466552,  107.609727762,  22.826915295,   288.045719073,      16.011891719,        175.921,      -25.774,  98.325, 177.8032,    *,  0.836407,  5.15180923809760, 14.7231853,   10.9878,
 2026-Apr-07 00:00:00, , , 107.246104239,  22.865829293,  107.643395359,  22.824188772,   288.825292850,      15.556765754,         -0.912,       -2.994, 196.931,   3.1301,    t,  0.834658,  5.16260412057767, 28.2336800,   11.0053,
 2026-Apr-08 00:00:00, , , 107.284845932,  22.864684087,  107.682076740,  22.822945475,   289.601162666,      15.107369662,       -170.867,       26.481, 278.820, 172.9023,    *,  0.831185,  5.18417951939888, 41.5565539,   10.9909,
 2026-Apr-09 00:00:00, , , 107.451079175,  22.845674148,  107.848174258,  22.803527170,   290.262724789,      14.704399942,         72.343,       -8.114,  96.395,  72.7972,    *,  0.828114,  5.20339933046516, 22.6091316,   10.9754,
 2026-Apr-10 00:00:00, , , 107.569059494,  22.831361297,  107.966041117,  22.788930147,   290.966304448,      14.284618368,        145.976,      -23.986,  99.322, 147.9373,    *,  0.826612,  5.21285680081785, 16.7218206,   10.9852,
 2026-Apr-11 00:00:00, , , 107.585946974,  22.832215114,  107.982874657,  22.789754136,   291.760692761,      13.832979400,       -125.135,       17.028, 277.757, 126.2858,    *,  0.824164,  5.22834070125952, 38.0077102,   10.9794,
 2026-Apr-12 00:00:00, , , 107.697609211,  22.821409439,  108.094418761,  22.778689052,   292.471275933,      13.417428089,        -91.217,       16.622, 280.333,  92.7175,    *,  0.820560,  5.25130156649040, 35.2717766,   10.9483,
 2026-Apr-13 00:00:00, , , 107.878363631,  22.799205887,  108.274993968,  22.756058105,   293.119453465,      13.025748700,        162.698,      -24.034,  98.393, 164.4677,    *,  0.818396,  5.26519240475608, 15.2980395,   10.9369,
 2026-Apr-14 00:00:00, , , 107.946089226,  22.792083353,  108.342594861,  22.748786085,   293.868321454,      12.597343734,         32.467,       -7.984, 103.813,  33.4343,    *,  0.816854,  5.27513100585403, 25.3570288,   10.9363,
 2026-Apr-15 00:00:00, , , 107.994322714,  22.789734146,  108.390710567,  22.746331959,   294.635854640,      12.166673600,       -171.486,       26.839, 278.905, 173.5692,    *,  0.813691,  5.29563570339206, 41.6429817,   10.9052,
 2026-Apr-16 00:00:00, , , 108.170196516,  22.769278906,  108.566381015,  22.725451661,   295.289784005,      11.780371289,         39.117,       -3.222,  94.707,  39.2501,    u,  0.810599,  5.31583181366856, 24.8027606,   10.8701,
 2026-Apr-17 00:00:00, , , 108.321308773,  22.750333222,  108.717303891,  22.706133633,   295.965230322,      11.386222313,        158.707,      -26.196,  99.363, 160.8582,    *,  0.809113,  5.32559885885574, 15.1127448,   10.8605,
 2026-Apr-18 00:00:00, , , 108.361924958,  22.747988609,  108.757817866,  22.703679930,   296.740220499,      10.959483670,        -97.158,       13.012, 277.634,  98.0246,    *,  0.807000,  5.33953908992419, 35.5506870,   10.8387,
 2026-Apr-19 00:00:00, , , 108.476659060,  22.736629335,  108.872428622,  22.692024715,   297.450338527,      10.560511681,       -115.652,       20.559, 280.087, 117.4623,    *,  0.803576,  5.36229672036534, 36.9430802,   10.7902,
 2026-Apr-20 00:00:00, , , 108.677737624,  22.711295587,  109.073346494,  22.666182959,   298.083146109,      10.189717596,        144.009,      -21.520,  98.491, 145.6115,    *,  0.801344,  5.37723079638042, 16.0256715,   10.7594,
 2026-Apr-21 00:00:00,A,m, 108.778888579,  22.699398076,  109.174415811,  22.654026268,   298.805445434,       9.789071761,         63.563,      -12.892, 101.461,  64.8578,    *,  0.799987,  5.38634749804764, 22.2257730,   10.7417,
 2026-Apr-22 00:00:00,A,m, 108.837701940,  22.695502182,  109.233187590,  22.649982387,   299.567240226,       9.379798362,       -165.691,       26.371, 279.053, 167.7719,    *,  0.797166,  5.40540929508074, 40.8747369,   10.6954,
 2026-Apr-23 00:00:00,A,m, 109.019583224,  22.673808326,  109.414942805,  22.627848369,   300.219752999,       9.010843512,          5.547,        1.940,  70.721,   5.8764,    O,  0.794105,  5.42624504955841, 26.8101890,   10.6423,
 2026-Apr-24 00:00:00,A,m, 109.200365886,  22.650267277,  109.595580952,  22.603877308,   300.873099776,       8.642062373,        165.165,      -27.668,  99.500, 167.4714,    *,  0.792626,  5.43637237606771, 13.6493486,   10.6146,
 2026-Apr-25 00:00:00,A,m, 109.265726459,  22.644285335,  109.660857412,  22.597751632,   301.631042650,       8.242158407,        -66.418,        8.418, 277.227,  66.9487,    *,  0.790841,  5.44864626685147, 32.4462552,   10.5782,
 2026-Apr-26 00:00:00,A,m, 109.382498585,  22.632325400,  109.777497940,  22.585523876,   302.344596767,       7.861781096,       -134.984,       23.998, 280.089, 137.0973,    *,  0.787645,  5.47075128698016, 37.9663932,   10.5142,
 2026-Apr-27 00:00:00,A,m, 109.599134974,  22.604147538,  109.993917250,  22.556833115,   302.968823253,       7.511580909,        120.619,      -18.219,  98.582, 121.9892,    *,  0.785370,  5.48659796369998, 16.8976990,   10.4654,
 2026-Apr-28 00:00:00,A,m, 109.732254032,  22.587258025,  110.126863592,  22.539629879,   303.668534158,       7.139025573,         91.273,      -17.592, 100.904,  92.9542,    *,  0.784173,  5.49497172056830, 18.9814881,   10.4321,
 2026-Apr-29 00:00:00,A,m, 109.802669688,  22.581465758,  110.197152268,  22.533670915,   304.426510673,       6.753467402,       -153.793,       25.007, 279.245, 155.8085,    *,  0.781711,  5.51228203513886, 39.2890343,   10.3724,
 2026-Apr-30 00:00:00,A,m, 109.987143757,  22.558778563,  110.381426829,  22.510534535,   305.083071038,       6.402673248,        -27.129,        7.270, 285.004,  28.0859,    *,  0.778727,  5.53340587863775, 28.5871883,   10.3030,
 2026-May-01 00:00:00,A,m, 110.193530397,  22.530780383,  110.587602477,  22.482029615,   305.720086955,       6.058575643,        165.234,      -28.293,  99.707, 167.6430,    *,  0.777245,  5.54395699368701, 12.4403346,   10.2588,
 2026-May-02 00:00:00,A,m, 110.284201618,  22.520743479,  110.678156240,  22.471763451,   306.462838183,       5.686718107,        -34.098,        3.309, 275.545,  34.2581,    *,  0.775765,  5.55453330459107, 28.8510226,   10.2091,
 2026-May-03 00:00:00,A,m, 110.402489399,  22.508103718,  110.796325262,  22.458826673,   307.182646082,       5.326915762,       -148.581,       26.794, 280.231, 150.9737,    *,  0.772837,  5.57557754099482, 38.3285003,   10.1315,
 2026-May-04 00:00:00,A,m, 110.630056356,  22.477418113,  111.023705093,  22.427581083,   307.804336209,       4.997076496,         93.469,      -14.142,  98.598,  94.5337,    *,  0.770540,  5.59219233759496, 17.9266226,   10.0663,
 2026-May-05 00:00:00,A, , 110.793211410,  22.455366329,  111.186723458,  22.405128062,   308.485015221,       4.652401855,        114.619,      -21.928, 100.824, 116.6998,    *,  0.769472,  5.59995769941473, 15.7908675,   10.0188,
 2026-May-06 00:00:00,A, , 110.876543851,  22.447260176,  111.269985243,  22.396817649,   309.240095586,       4.292582625,       -136.337,       22.694, 279.458, 138.2099,    *,  0.767371,  5.61529013314012, 36.9544778,    9.9471,
 2026-May-07 00:00:00,A, , 111.060929197,  22.423785216,  111.454229140,  22.372900023,   309.905033770,       3.961137853,        -57.741,       12.633, 282.344,  59.1059,    *,  0.764505,  5.63634225574960, 30.0751650,    9.8632,
 2026-May-08 00:00:00,A, , 111.288769135,  22.391509508,  111.681886192,  22.340082446,   310.530977625,       3.641072467,        159.017,      -27.963,  99.964, 161.4613,    *,  0.763011,  5.64737282919407, 11.5474888,    9.8037,
 2026-May-09 00:00:00,A, , 111.405138699,  22.376970518,  111.798145643,  22.325274324,   311.259839431,       3.298080392,         -1.462,       -2.205, 213.550,   2.6453,    t,  0.761808,  5.65629093832426, 24.9001098,    9.7420,
 2026-May-10 00:00:00,N, , 111.525162832,  22.363469245,  111.918050358,  22.311498341,   311.987564251,       2.961025808,       -156.039,       28.795, 280.465, 158.6690,    *,  0.759177,  5.67589503455132, 37.9843243,    9.6523,
 2026-May-11 00:00:00,N, , 111.759462626,  22.330612489,  112.152131068,  22.278093894,   312.612005660,       2.651729272,         63.607,       -9.333,  98.343,  64.2885,    *,  0.756884,  5.69309023717517, 19.0569778,    9.5722,
 2026-May-12 00:00:00,N, , 111.950369920,  22.303259494,  112.342835679,  22.250295950,   313.276947815,       2.334474113,        132.804,      -25.721, 100.953, 135.2757,    *,  0.755914,  5.70039665671953, 12.7599757,    9.5115,
 2026-May-13 00:00:00,N, , 112.048123148,  22.292340423,  112.440452436,  22.239150511,   314.029278428,       2.002099278,       -114.083,       19.410, 279.662, 115.7204,    *,  0.754169,  5.71358525088015, 33.9179743,    9.4292,
 2026-May-14 00:00:00,N, , 112.230466874,  22.268220793,  112.622598256,  22.214595496,   314.705883607,       1.691490450,        -85.193,       17.856, 281.843,  87.0430,    *,  0.751461,  5.73417982564692, 31.1700009,    9.3322,
 2026-May-15 00:00:00,N, , 112.475529789,  22.231899685,  112.867420251,  22.177681648,   315.325649072,       1.394833856,        146.866,      -26.594, 100.255, 149.2579,    *,  0.749953,  5.74570569619310, 10.9738779,    9.2586,
 2026-May-16 00:00:00,N, , 112.617616923,  22.212413000,  113.009363513,  22.157840993,   316.041612090,       1.080952698,         30.258,       -7.977, 104.768,  31.2918,    *,  0.748996,  5.75304978269652, 20.7060071,    9.1861,
 2026-May-17 00:00:00,N, , 112.740116232,  22.197777726,  113.131762794,  22.142895026,   316.777910773,       0.768668186,       -157.176,       29.847, 280.761, 159.9799,    *,  0.746684,  5.77085897328218, 36.8825929,    9.0857,
 2026-May-18 00:00:00,N, , 112.977325571,  22.163101306,  113.368803277,  22.107637060,   317.409683439,       0.480358864,         32.199,       -3.883,  96.874,  32.4323,    u,  0.744423,  5.78839001988666, 20.1938743,    8.9921,
 2026-May-19 00:00:00,N, , 113.193213305,  22.130388358,  113.584547185,  22.074400008,   318.062114382,       0.189781379,        145.249,      -28.784, 101.201, 148.0777,    *,  0.743525,  5.79537884501888,  9.9637486,    8.9191,
 2026-May-20 00:00:00,N,m, 113.306785239,  22.116121636,  113.698059134,  22.059861002,   318.811331088,      -0.113898461,        -87.953,       15.171, 279.792,  89.2504,    *,  0.742125,  5.80631204792743, 30.2348427,    8.8275,
 2026-May-21 00:00:00,N,m, 113.485677057,  22.091464521,  113.876830364,  22.034785987,   319.502013760,      -0.401926430,       -108.522,       22.743, 281.842, 110.8768,    *,  0.739612,  5.82604134758881, 31.7621838,    8.7191,
 2026-May-22 00:00:00,N,m, 113.743551200,  22.051433600,  114.134497706,  21.994157232,   320.120351600,      -0.675531123,        129.349,      -24.131, 100.560, 131.5833,    *,  0.738094,  5.83802629399940, 10.6937471,    8.6327,
 2026-May-23 00:00:00,N,m, 113.910724902,  22.026634101,  114.301516432,  21.968977326,   320.824518721,      -0.960388882,         59.858,      -13.819, 102.997,  61.4331,    *,  0.737350,  5.84391758943751, 16.3907684,    8.5504,
 2026-May-24 00:00:00,N,m, 114.036631907,  22.010558251,  114.427289928,  21.952617854,   321.569432798,      -1.245926126,       -152.065,       29.816, 281.102, 154.9561,    *,  0.735374,  5.85961744854586, 35.0064982,    8.4409,
 2026-May-25 00:00:00,N,m, 114.273152669,  21.974480861,  114.663575390,  21.915993291,   322.212689213,      -1.512311984,          0.429,        2.075,  11.688,   2.1191,    O,  0.733174,  5.87719718669718, 21.2540370,    8.3354,
 2026-May-26 00:00:00,N,m, 114.510610734,  21.936509865,  114.900789155,  21.877468635,   322.856127563,      -1.776937628,        151.583,      -30.927, 101.523, 154.7101,    *,  0.732326,  5.88400623226722,  7.4934237,    8.2515,
 2026-May-27 00:00:00,N,m, 114.641008940,  21.918401485,  115.031036851,  21.859052831,   323.601758914,      -2.051082102,        -59.035,       10.046, 279.661,  59.8833,    *,  0.731251,  5.89265216556209, 26.0290580,    8.1520,
 2026-May-28 00:00:00,N,m, 114.815474515,  21.893309641,  115.205326283,  21.833545721,   324.308192478,      -2.314621072,       -126.929,       27.072, 282.047, 129.7803,    *,  0.728966,  5.91112722242351, 31.8043605,    8.0338,
 2026-May-29 00:00:00,N,m, 115.081654682,  21.850039193,  115.471260663,  21.789642545,   324.929712003,      -2.565249496,        107.220,      -20.556, 100.847, 109.1748,    *,  0.727442,  5.92351062034881, 10.7174822,    7.9359,
 2026-May-30 00:00:00,N,m, 115.272685845,  21.819678303,  115.662120179,  21.758823351,   325.623323110,      -2.821554834,         86.239,      -19.506, 102.740,  88.4190,    *,  0.726875,  5.92813089737878, 12.1331206,    7.8451,
 2026-May-31 00:00:00,N,m, 115.403195429,  21.801811415,  115.792525749,  21.740639804,   326.376155850,      -3.078669397,       -141.009,       28.592, 281.470, 143.8748,    *,  0.725241,  5.94149031321355, 32.4179888,    7.7281,
 2026-Jun-01 00:00:00,N,m, 115.635989115,  21.764767528,  116.025136953,  21.703043720,   327.034228312,      -3.321835571,        -30.497,        8.358, 285.327,  31.6211,    *,  0.723131,  5.95882222202853, 22.1872903,    7.6121,
 2026-Jun-02 00:00:00,N,m, 115.891370933,  21.721760543,  116.280317843,  21.659436576,   327.672117068,      -3.561127526,        151.686,      -31.973, 101.894, 155.0239,    *,  0.722310,  5.96559511366308,  5.4473678,    7.5184,
 2026-Jun-03 00:00:00,N,m, 116.039487682,  21.699308753,  116.428329488,  21.636638716,   328.413319024,      -3.805262231,        -28.488,        4.155, 278.300,  28.7894,    *,  0.721534,  5.97201093537463, 21.4542065,    7.4121,
 2026-Jun-04 00:00:00,N,m, 116.209336219,  21.673786879,  116.598053618,  21.610725887,   329.136047579,      -4.042213004,       -139.793,       30.614, 282.361, 143.1020,    *,  0.719502,  5.98887690737743, 31.2585982,    7.2856,
 2026-Jun-05 00:00:00,N,m, 116.479697247,  21.627790360,  116.868190563,  21.564111396,   329.764793613,      -4.269383388,         81.412,      -15.909, 101.052,  82.9531,    *,  0.717981,  6.00156251567939, 11.0120136,    7.1775,
 2026-Jun-06 00:00:00,N,m, 116.693070377,  21.591682150,  117.081376716,  21.527521238,   330.449047656,      -4.497644788,        108.442,      -24.787, 102.869, 111.2414,    *,  0.717555,  6.00512668787932,  8.0707312,    7.0790,
 2026-Jun-07 00:00:00,N,m, 116.829784352,  21.571566565,  117.217963483,  21.507102631,   331.208287570,      -4.724833769,       -124.529,       26.108, 281.848, 127.2335,    *,  0.716260,  6.01598220344702, 29.1598601,    6.9557,
 2026-Jun-08 00:00:00,N,m, 117.056598751,  21.533928377,  117.444558385,  21.468954222,   331.883507461,      -4.943019140,        -59.431,       14.741, 283.933,  61.2309,    *,  0.714271,  6.03274182060355, 22.8901664,    6.8305,
 2026-Jun-09 00:00:00,N,m, 117.326209659,  21.486191292,  117.713898113,  21.420606630,   332.519149816,      -5.157296565,        145.666,      -31.777, 102.298, 149.0964,    *,  0.713461,  6.03958678513178,  3.8455058,    6.7280,
 2026-Jun-10 00:00:00,N,m, 117.492756630,  21.458886937,  117.880265643,  21.392923135,   333.254870484,      -5.371327781,          2.461,       -2.323, 133.346,   3.3848,    t,  0.712954,  6.04388361204251, 16.6253559,    6.6158,
 2026-Jun-11 00:00:00,N,m, 117.658482223,  21.432819190,  118.045821197,  21.366471270,   333.993388255,      -5.579669420,       -146.725,       33.149, 282.739, 150.4189,    *,  0.711198,  6.05880280782366, 30.0556320,    6.4823,
 2026-Jun-12 00:00:00,N,m, 117.929275558,  21.384641390,  118.316359156,  21.317662744,   334.632826644,      -5.782534937,         52.958,      -10.282, 100.984,  53.9470,    *,  0.709696,  6.07163185366427, 11.4813163,    6.3650,
 2026-Jun-13 00:00:00,N,m, 118.163060171,  21.342699133,  118.549941023,  21.275169339,   335.309039847,      -5.983439980,        125.671,      -29.399, 103.159, 129.0675,    *,  0.709378,  6.07435066118855,  4.2892771,    6.2597,
 2026-Jun-14 00:00:00,N, , 118.307683633,  21.319810507,  118.694471490,  21.251930887,   336.072616511,      -6.179707106,       -103.363,       22.355, 282.210, 105.7512,    *,  0.708417,  6.08259191143076, 25.2685686,    6.1311,
 2026-Jun-15 00:00:00,N, , 118.526873693,  21.281900518,  118.913517874,  21.213505585,   336.766379675,      -6.370994596,        -85.314,       20.967, 283.812,  87.8514,    *,  0.706578,  6.09842013518424, 23.2357527,    5.9980,
 2026-Jun-16 00:00:00,N, , 118.806837415,  21.229866193,  119.193283554,  21.160826860,   337.403034561,      -6.560315608,        133.865,      -30.236, 102.720, 137.2407,    *,  0.705772,  6.10538926066469,  2.6645754,    5.8875,
 2026-Jun-17 00:00:00,N, , 118.992032558,  21.197271104,  119.378364521,  21.127811804,   338.132338124,      -6.744514411,         32.599,       -9.161, 105.695,  33.8626,    *,  0.705503,  6.10771568858695, 11.6545320,    5.7703,
 2026-Jun-18 00:00:00,N, , 119.154485655,  21.170471837,  119.540711687,  21.100652675,   338.885364298,      -6.922369338,       -147.550,       34.475, 283.160, 151.5192,    *,  0.704043,  6.12037667296108, 28.1462005,    5.6311,
 2026-Jun-19 00:00:00,N, , 119.422176599,  21.120730779,  119.808172089,  21.050320630,   339.538511922,      -7.099573734,         22.996,       -3.829,  99.451,  23.3128,    u,  0.702579,  6.13313084963583, 12.0201615,    5.5059,
 2026-Jun-20 00:00:00,N, , 119.673812631,  21.073050902,  120.059570416,  21.002088054,   340.208411072,      -7.273644135,        137.351,      -33.083, 103.535, 141.2829,    *,  0.702342,  6.13520468038955,  0.8727473,    5.3946,
 2026-Jun-21 00:00:00,N, , 119.827802821,  21.046884730,  120.213406932,  20.975586339,   340.974126508,      -7.438301264,        -78.405,       17.384, 282.506,  80.3074,    *,  0.701703,  6.14078847225075, 20.8302897,    5.2620,
 2026-Jun-22 00:00:00,N, , 120.038131569,  21.009019422,  120.423522124,  20.937255411,   341.687110734,      -7.600522996,       -107.202,       26.754, 284.019, 110.4879,    *,  0.700046,  6.15532191185891, 23.1400982,    5.1224,
 2026-Jun-23 00:00:00,N, , 120.324329964,  20.953300021,  120.709429667,  20.880896730,   342.328121273,      -7.764464766,        116.846,      -27.304, 103.146, 119.9966,    *,  0.699239,  6.16242692993251,  1.9000710,    5.0050,
 2026-Jun-24 00:00:00,N, , 120.527740248,  20.915124140,  120.912637256,  20.842261800,   343.050467944,      -7.919328120,         60.753,      -16.086, 104.827,  62.8471,    *,  0.699176,  6.16298769804918,  6.7078397,    4.8839,
 2026-Jun-25 00:00:00,N, , 120.688005211,  20.887368350,  121.072756121,  20.814139221,   343.816106420,      -8.065132049,       -142.331,       34.429, 283.606, 146.4318,    *,  0.698025,  6.17314693264405, 25.5606631,    4.7404,
 2026-Jun-26 00:00:00,N, , 120.949398732,  20.836743226,  121.333913063,  20.762921411,   344.485379016,      -8.215000196,         -7.304,        3.241, 293.927,   7.9909,    O,  0.696621,  6.18558607481103, 12.5675385,    4.6084,
 2026-Jun-27 00:00:00,N, , 121.215879815,  20.783607944,  121.600161091,  20.709182854,   345.150942128,      -8.362665117,        143.107,      -35.594, 103.959, 147.4716,    *,  0.696437,  6.18722231081825, -2.0664403,    4.4921,
 2026-Jun-28 00:00:00,N, , 121.380539805,  20.753671326,  121.764702960,  20.678869587,   345.916393551,      -8.495548865,        -50.702,       11.314, 282.582,  51.9481,    *,  0.696102,  6.19019965926979, 15.9940931,    4.3566,
 2026-Jun-29 00:00:00,N,m, 121.581429622,  20.716087485,  121.965446008,  20.640832837,   346.648223193,      -8.626600084,       -124.324,       31.813, 284.360, 128.3266,    *,  0.694654,  6.20310402018141, 22.5614063,    4.2119,
 2026-Jun-30 00:00:00,N,m, 121.869907948,  20.657391869,  122.253686952,  20.581497311,   347.296534339,      -8.764324476,         95.347,      -22.991, 103.552,  98.0815,    *,  0.693846,  6.21032563411358,  1.5385343,    4.0885,
 2026-Jul-01 00:00:00,N,m, 122.090740400,  20.613440923,  122.474348001,  20.537060796,   348.011499831,      -8.890477403,         85.833,      -22.789, 104.865,  88.8080,    *,  0.693952,  6.20937363071654,  1.9472036,    3.9643,
 2026-Jul-02 00:00:00,N,m, 122.250339988,  20.584386295,  122.633835432,  20.507659979,   348.787025066,      -9.003002289,       -131.363,       32.898, 284.067, 135.4159,    *,  0.693117,  6.21686125507527, 22.3413972,    3.8177,
 2026-Jul-03 00:00:00,N,m, 122.502914069,  20.533509025,  122.886189537,  20.456238688,   349.473852196,      -9.123490473,        -36.777,       10.666, 286.176,  38.2918,    *,  0.691797,  6.22871879076220, 13.0311114,    3.6801,
 2026-Jul-04 00:00:00,N,m, 122.781083776,  20.475318664,  123.164097093,  20.397452670,   350.137044918,      -9.244814861,        142.811,      -36.726, 104.414, 147.4623,    *,  0.691644,  6.23010290420427, -4.4760727,    3.5595,
 2026-Jul-05 00:00:00,N,m, 122.957626842,  20.441098726,  123.340473973,  20.362859095,   350.899664138,      -9.346110704,        -21.379,        4.329, 281.447,  21.8131,    *,  0.691589,  6.23059269951688, 10.8848893,    3.4220,
 2026-Jul-06 00:00:00,N,m, 123.149226130,  20.403890805,  123.531883644,  20.325243657,   351.648886079,      -9.444009539,       -136.077,       35.858, 284.770, 140.7181,    *,  0.690375,  6.24155246212008, 21.4324555,    3.2733,
 2026-Jul-07 00:00:00,N,m, 123.436338379,  20.342972026,  123.818698000,  20.263707983,   352.306923202,      -9.554267907,         70.276,      -17.386, 103.892,  72.3959,    *,  0.689573,  6.24881373179541,  1.5027817,    3.1449,
 2026-Jul-08 00:00:00,N,m, 123.673431639,  20.293153881,  124.055547644,  20.213375838,   353.014311761,      -9.652439840,        106.901,      -28.950, 105.147, 110.7540,    *,  0.689815,  6.24661326230407, -2.5171309,    3.0183,
 2026-Jul-09 00:00:00,N,m, 123.834172713,  20.262348352,  124.216139608,  20.182213817,   353.796415313,      -9.731048046,       -115.142,       29.832, 284.531, 118.9407,    *,  0.689296,  6.25131648670840, 18.5194056,    2.8695,
 2026-Jul-10 00:00:00,N,m, 124.076046508,  20.211779821,  124.457794259,  20.131109240,   354.501264776,      -9.820103620,        -64.295,       18.144, 285.763,  66.8053,    *,  0.688089,  6.26228891616113, 13.2834830,    2.7274,
 2026-Jul-11 00:00:00,N,m, 124.362579610,  20.149064855,  124.744078446,  20.067760238,   355.164060448,      -9.914960541,        136.564,      -36.322, 104.887, 141.3163,    *,  0.687950,  6.26355442821525, -6.3626125,    2.6032,
 2026-Jul-12 00:00:00,N,m, 124.551918191,  20.110083596,  124.933294408,  20.028353007,   355.921387570,      -9.985367590,          8.381,       -3.322, 111.623,   9.0158,    t,  0.688151,  6.26171971420884,  5.6092783,    2.4645,
 2026-Jul-13 00:00:00,N,m, 124.734893908,  20.073225988,  125.116169111,  19.991088063,   356.685673652,     -10.048560515,       -142.084,       38.631, 285.218, 147.2369,    *,  0.687195,  6.27043444594181, 19.6810740,    2.3129,
 2026-Jul-14 00:00:00,N, , 125.017222808,  20.010896915,  125.398287016,  19.928150198,   357.355350295,     -10.129809748,         42.650,      -10.640, 104.006,  43.9573,    *,  0.686412,  6.27758877674525,  1.6756515,    2.1803,
 2026-Jul-15 00:00:00,N, , 125.268858018,  19.955293591,  125.649731827,  19.872013498,   358.055381633,     -10.200672780,        123.165,      -34.243, 105.531, 127.8406,    *,  0.686762,  6.27439014107823, -6.6072794,    2.0520,
 2026-Jul-16 00:00:00,N, , 125.432489782,  19.922257422,  125.813252807,  19.838637545,   358.840556133,     -10.245209546,        -94.377,       25.255, 284.986,  97.6952,    *,  0.686558,  6.27625011027027, 14.1405379,    1.9023,
 2026-Jul-17 00:00:00,N, , 125.662196068,  19.872532138,  126.042753931,  19.788437915,   359.563129766,     -10.300688957,        -88.834,       25.349, 285.931,  92.3785,    *,  0.685493,  6.28600524493724, 13.2032009,    1.7567,
 2026-Jul-18 00:00:00,N, , 125.953428179,  19.806022776,  126.333692737,  19.721326238,     0.227653155,     -10.368436818,        124.689,      -34.289, 105.369, 129.3212,    *,  0.685359,  6.28722941550346, -7.7488670,    1.6299,
 2026-Jul-19 00:00:00,N, , 126.155840471,  19.761952478,  126.535901973,  19.676836953,     0.977752979,     -10.408794122,         37.393,      -11.337, 106.865,  39.0739,    *,  0.685790,  6.28327776962175,  0.3035225,    1.4910,
 2026-Jul-20 00:00:00,N, , 126.331063732,  19.725376339,  126.710953431,  19.639893809,     1.754301116,     -10.436046484,       -142.176,       39.914, 285.689, 147.6678,    *,  0.685113,  6.28949215566631, 17.2951918,    1.3379,
 2026-Jul-21 00:00:00,N, , 126.605301153,  19.662553713,  126.984911522,  19.576493814,     2.437160381,     -10.486386756,         13.573,       -2.975, 102.360,  13.8955,    U,  0.684366,  6.29635162412743,  1.9758768,    1.2024,
 2026-Jul-22 00:00:00,N, , 126.869098902,  19.601492913,  127.248450215,  19.514874087,     3.130646656,     -10.530402624,        134.050,      -38.365, 105.964, 139.4364,    *,  0.684795,  6.29240915633653,-10.2082256,    1.0736,
 2026-Jul-23 00:00:00,N, , 127.037138292,  19.565781221,  127.416353743,  19.478798812,     3.915503720,     -10.541265065,        -69.927,       19.265, 285.406,  72.5311,    *,  0.684899,  6.29145699164807,  9.3375000,    0.9243,
 2026-Jul-24 00:00:00,N, , 127.253662567,  19.517391765,  127.632700473,  19.429945075,     4.654764371,     -10.561260774,       -109.469,       31.934, 286.269, 114.0285,    *,  0.684004,  6.29968440301984, 12.7431746,    0.7772,
 2026-Jul-25 00:00:00,N, , 127.545812517,  19.447983132,  127.924595870,  19.359918731,     5.323070772,     -10.600964177,        107.727,      -30.607, 105.855, 111.9937,    *,  0.683870,  6.30091802406777, -8.6238994,    0.6494,
 2026-Jul-26 00:00:00,N, , 127.761110887,  19.398629147,  128.139738947,  19.310108407,     6.064426833,     -10.612378871,         64.519,      -19.374, 106.711,  67.3659,    *,  0.684500,  6.29512229958127, -4.8486807,    0.5126,
 2026-Jul-27 00:00:00,N, , 127.929858401,  19.362151637,  128.308398264,  19.273276395,     6.849814011,     -10.603079669,       -136.405,       39.544, 286.174, 142.0167,    *,  0.684115,  6.29866007412644, 14.3233090,    0.3621,
 2026-Jul-28 00:00:00,N,m, 128.193214376,  19.299729955,  128.571569157,  19.210323241,     7.546549653,     -10.620505044,        -15.805,        5.328, 288.631,  16.6793,    *,  0.683426,  6.30501743762137,  2.3299795,    0.2312,
 2026-Jul-29 00:00:00,N,m, 128.466537715,  19.233687941,  128.844711600,  19.143804850,     8.234396477,     -10.637806239,        139.177,      -41.085, 106.439, 145.1186,    *,  0.683907,  6.30058027341357,-13.2309770,    0.1231,
 2026-Jul-30 00:00:00,N,m, 128.640507038,  19.194813985,  129.018328184,  19.104646240,     9.015704817,     -10.615785435,        -42.800,       12.025, 285.695,  44.4564,    *,  0.684303,  6.29692900892691,  4.2412446,    0.1124,
 2026-Jul-31 00:00:00,N,m, 128.843565298,  19.148091617,  129.221213045,  19.057408022,     9.769654249,     -10.598799681,       -125.446,       37.556, 286.673, 130.9438,    *,  0.683608,  6.30333704334143, 11.8382834,    0.2336,
 2026-Aug-01 00:00:00,N,m, 129.133069845,  19.076734270,  129.510447969,  18.985448616,    10.443372323,     -10.609179505,         86.391,      -25.329, 106.336,  90.0292,    *,  0.683473,  6.30457913639628, -9.0461050,    0.3567,
 2026-Aug-02 00:00:00,N,m, 129.360731152,  19.021998027,  129.737894368,  18.930249380,    11.174844651,     -10.592818997,         88.691,      -27.060, 106.962,  92.7288,    *,  0.684270,  6.29723619281396, -9.7211228,    0.4906,
 2026-Aug-03 00:00:00,A,m, 129.524672739,  18.985289112,  129.901687082,  18.893207252,    11.965252238,     -10.547012423,       -125.060,       37.422, 286.665, 130.5351,    *,  0.684189,  6.29797851065570, 10.7866891,    0.6422,
 2026-Aug-04 00:00:00,A,m, 129.774937313,  18.924085848,  130.151697491,  18.831496987,    12.675857747,     -10.529631553,        -44.360,       13.938, 287.446,  46.4973,    *,  0.683581,  6.30358641460408,  2.6138613,    0.7801,
 2026-Aug-05 00:00:00,A,m, 130.054911144,  18.853682300,  130.431387021,  18.760523493,    13.359343761,     -10.520375978,        138.399,      -42.064, 106.898, 144.6544,    *,  0.684094,  6.29886049580114,-15.6590374,    0.9082,
 2026-Aug-06 00:00:00,A,m, 130.236140648,  18.811166225,  130.612464280,  18.717627568,    14.133551805,     -10.467078893,        -14.062,        3.820, 285.197,  14.5711,    t,  0.684766,  6.29267530603812, -1.0410643,    1.0547,
 2026-Aug-07 00:00:00,A,m, 130.426014318,  18.766292512,  130.802194304,  18.672352934,    14.899508087,     -10.411928847,       -136.195,       41.925, 287.117, 142.4973,    *,  0.684297,  6.29698467338399, 10.4112756,    1.2037,
 2026-Aug-08 00:00:00,A,m, 130.709467027,  18.694000013,  131.085408957,  18.599475249,    15.579988853,     -10.391523502,         61.557,      -18.599, 106.809,  64.3061,    *,  0.684169,  6.29816624646008, -9.1176931,    1.3335,
 2026-Aug-09 00:00:00,A,m, 130.948465117,  18.633944286,  131.324236026,  18.538924947,    16.301033120,     -10.348594447,        108.989,      -34.026, 107.333, 114.1796,    *,  0.685104,  6.28957115087768,-14.2206262,    1.4685,
 2026-Aug-10 00:00:00,A,m, 131.109384654,  18.596595549,  131.485084679,  18.501240455,    17.092581637,     -10.267028209,       -108.606,       33.535, 287.165, 113.6629,    *,  0.685335,  6.28745204608085,  6.7187617,    1.6204,
 2026-Aug-11 00:00:00,A, , 131.344793297,  18.537372578,  131.720326706,  18.441545803,    17.816351351,     -10.213115622,        -70.980,       22.491, 287.585,  74.4569,    *,  0.684837,  6.29202760424744,  2.6965132,    1.7596,
 2026-Aug-12 00:00:00,A, , 131.628197055,  18.463421536,  132.003489427,  18.367039817,    18.496837742,     -10.176852147,        131.799,      -41.277, 107.383, 138.1154,    *,  0.685367,  6.28716189813962,-17.5072352,    1.8870,
 2026-Aug-13 00:00:00,A, , 131.817552671,  18.416890739,  132.192697998,  18.320142858,    19.261632090,     -10.093855773,         15.135,       -5.078, 108.547,  15.9646,    t,  0.686296,  6.27865142160861, -6.3945074,    2.0313,
 2026-Aug-14 00:00:00,A, , 131.994834435,  18.373961995,  132.369828910,  18.276873991,    20.036615054,     -10.000135764,       -141.325,       44.743, 287.574, 148.2341,    *,  0.686082,  6.28060911206562,  8.4156362,    2.1797,
 2026-Aug-15 00:00:00,A, , 132.268876522,  18.301851730,  132.643588724,  18.204237418,    20.724933272,      -9.947243211,         34.213,      -10.626, 107.252,  35.8255,    *,  0.685973,  6.28160279482676, -8.9429264,    2.3091,
 2026-Aug-16 00:00:00,A, , 132.517491378,  18.236795436,  132.891947086,  18.138700683,    21.435736718,      -9.878642304,        124.625,      -39.905, 107.749, 130.8620,    *,  0.687018,  6.27204553764203,-18.2474884,    2.4415,
 2026-Aug-17 00:00:00,A, , 132.677000165,  18.198417807,  133.051311881,  18.100007508,    22.224912082,      -9.762541972,        -87.717,       27.947, 287.676,  92.0597,    *,  0.687564,  6.26707116746836,  2.2080097,    2.5908,
 2026-Aug-18 00:00:00,A, , 132.896096008,  18.141919016,  133.270199557,  18.043075228,    22.960800049,      -9.670610888,        -94.669,       30.604, 287.919,  99.4909,    *,  0.687206,  6.27032941004315,  2.4984602,    2.7292,
 2026-Aug-19 00:00:00,A, , 133.179343522,  18.065462468,  133.553171370,  17.966061051,    23.640013660,      -9.606584529,        119.670,      -38.610, 107.876, 125.7476,    *,  0.687743,  6.26543576374129,-18.7697015,    2.8546,
 2026-Aug-20 00:00:00,A, , 133.377102620,  18.014719278,  133.750772311,  17.914920020,    24.393711827,      -9.495730204,         43.638,      -14.291, 108.131,  45.9186,    *,  0.688905,  6.25487149153970,-11.6464675,    2.9952,
 2026-Aug-21 00:00:00,A, , 133.542648086,  17.973752877,  133.916210766,  17.873616107,    25.174653413,      -9.363628847,       -140.676,       45.801, 288.041, 147.9392,    *,  0.688968,  6.25429379066961,  5.8833775,    3.1414,
 2026-Aug-22 00:00:00,A, , 133.804134129,  17.902991827,  134.177479522,  17.802340134,    25.871609082,      -9.276559452,          5.431,       -1.692, 107.307,   5.6882,    U,  0.688896,  6.25495043301204, -8.5829927,    3.2693,
 2026-Aug-23 00:00:00, , , 134.060150415,  17.833471640,  134.433289674,  17.732319590,    26.572955362,      -9.182976004,        135.014,      -44.369, 108.185, 142.1224,    *,  0.690023,  6.24473130933595,-21.6807204,    3.3979,
 2026-Aug-24 00:00:00, , , 134.219804890,  17.793655077,  134.592857951,  17.692186481,    27.356613695,      -9.034147076,        -63.217,       20.807, 288.221,  66.5524,    *,  0.690878,  6.23700201223479, -2.6020895,    3.5436,
 2026-Aug-25 00:00:00, , , 134.421718969,  17.740488589,  134.794629412,  17.638630595,    28.103043844,      -8.903205136,       -114.519,       37.891, 288.313, 120.6217,    *,  0.690692,  6.23868497655897,  1.9731801,    3.6799,
 2026-Aug-26 00:00:00, ,m, 134.701244037,  17.662669153,  135.073907057,  17.560284868,    28.782613401,      -8.810379755,        102.518,      -34.078, 108.382, 108.0359,    *,  0.691229,  6.23384095023554,-19.4601039,    3.8023,
 2026-Aug-27 00:00:00, ,m, 134.907354279,  17.607612409,  135.279850030,  17.504842292,    29.524101837,      -8.673543286,         70.347,      -23.424, 108.413,  74.1458,    *,  0.692595,  6.22154371307258,-16.6401354,    3.9383,
 2026-Aug-28 00:00:00, ,m, 135.062479734,  17.568450916,  135.434859418,  17.465391568,    30.307762136,      -8.503925675,       -134.284,       44.950, 288.514, 141.6034,    *,  0.692955,  6.21831460366214,  2.8489775,    4.0812,
 2026-Aug-29 00:00:00, ,m, 135.308790325,  17.500123392,  135.680928962,  17.396609745,    31.013621042,      -8.381113146,        -23.667,        7.856, 288.363,  24.9366,    u,  0.692939,  6.21845426226011, -8.1407755,    4.2064,
 2026-Aug-30 00:00:00, ,m, 135.569731354,  17.426818512,  135.941603512,  17.322823402,    31.706647683,      -8.262943231,        139.768,      -47.137, 108.630, 147.5069,    *,  0.694123,  6.20784831048175,-24.4673545,    4.3306,
 2026-Aug-31 00:00:00, ,m, 135.731066364,  17.385108759,  136.102795709,  17.280808713,    32.482103010,      -8.083682264,        -36.056,       12.342, 288.898,  38.1099,    *,  0.695279,  6.19752838676182, -7.6026138,    4.4715,
 2026-Sep-01 00:00:00, ,m, 135.915562084,  17.335694516,  136.287126025,  17.231041832,    33.237141986,      -7.913415417,       -129.792,       43.988, 288.728, 137.0392,    *,  0.695294,  6.19738907342726,  1.0436811,    4.6048,
 2026-Sep-02 00:00:00, ,m, 136.187919337,  17.257709374,  136.559221190,  17.152540571,    33.918624552,      -7.790684371,         81.021,      -27.780, 108.922,  85.6530,    *,  0.695831,  6.19260856976967,-19.6643657,    4.7233,
 2026-Sep-03 00:00:00, ,m, 136.401912788,  17.198370129,  136.773043724,  17.092785288,    34.647544627,      -7.629803896,         94.215,      -32.061, 108.789,  99.5228,    *,  0.697374,  6.17890765976455,-21.2728676,    4.8538,
 2026-Sep-04 00:00:00, ,m, 136.548209638,  17.160721668,  136.919272999,  17.054838767,    35.430913982,      -7.424360189,       -122.407,       42.125, 288.996, 129.4490,    *,  0.698046,  6.17296040539311, -0.6701746,    4.9924,
 2026-Sep-05 00:00:00, ,m, 136.777156749,  17.095836662,  137.148063473,  16.989509926,    36.145674368,      -7.264631507,        -51.980,       17.637, 288.744,  54.8900,    *,  0.698114,  6.17236050838748, -7.7512364,    5.1140,
 2026-Sep-06 00:00:00, ,m, 137.040174932,  17.019615731,  137.410889935,  16.912790273,    36.831991825,      -7.122018002,        138.710,      -47.994, 109.079, 146.7828,    *,  0.699334,  6.16158940771509,-26.6110216,    5.2329,
 2026-Sep-07 00:00:00, ,m, 137.204401743,  16.975622049,  137.575047387,  16.868479473,    37.597332174,      -6.914942831,         -7.286,        2.858, 291.419,   7.8269,    t,  0.700779,  6.14888634002022,-12.6933823,    5.3681,
 2026-Sep-08 00:00:00, ,m, 137.371615717,  16.930259895,  137.742176907,  16.822803106,    38.359020071,      -6.705651051,       -139.913,       48.569, 289.150, 148.0981,    *,  0.701029,  6.14669186337321, -0.3591124,    5.4972,
 2026-Sep-09 00:00:00, , , 137.633319921,  16.853416095,  138.003660730,  16.745487617,    39.044005723,      -6.551694799,         56.013,      -19.902, 109.558,  59.4444,    *,  0.701574,  6.14192249779589,-19.4873641,    5.6109,
 2026-Sep-10 00:00:00, , , 137.854052409,  16.790073023,  138.224206765,  16.681749722,    39.760858490,      -6.368329918,        114.329,      -39.798, 109.188, 121.0606,    *,  0.703266,  6.12714377443530,-25.4508985,    5.7349,
 2026-Sep-11 00:00:00, , , 137.993031214,  16.753635163,  138.363087495,  16.645060019,    40.541469205,      -6.129137972,       -105.492,       37.343, 289.498, 111.9034,    *,  0.704263,  6.11847193593393, -4.6138014,    5.8680,
 2026-Sep-12 00:00:00, , , 138.202661415,  16.693188274,  138.572522657,  16.584236916,    41.265066526,      -5.931479140,        -78.419,       27.234, 289.155,  83.0119,    *,  0.704444,  6.11689274964313, -7.5150030,    5.9847,
 2026-Sep-13 00:00:00, , , 138.464394399,  16.615184669,  138.833995811,  16.505763771,    41.946813277,      -5.764002257,        131.892,      -46.810, 109.534, 139.9562,    *,  0.705685,  6.10613645970199,-28.1018846,    6.0973,
 2026-Sep-14 00:00:00, , , 138.632155025,  16.568691301,  139.001622714,  16.458957243,    42.701112879,      -5.531681173,         22.007,       -7.288, 108.322,  23.1820,    *,  0.707402,  6.09131755313498,-17.7228373,    6.2256,
 2026-Sep-15 00:00:00, , , 138.782429596,  16.527615139,  139.151796560,  16.417592919,    43.467775360,      -5.284206637,       -144.497,       51.358, 289.573, 153.3475,    *,  0.707917,  6.08688973284230, -2.2253022,    6.3490,
 2026-Sep-16 00:00:00, , , 139.029995496,  16.453322301,  139.399151870,  16.342843472,    44.157985606,      -5.097641257,         28.459,      -10.713, 110.628,  30.4085,    *,  0.708480,  6.08204956191017,-18.9918807,    6.4566,
 2026-Sep-17 00:00:00, , , 139.255670779,  16.386522461,  139.624657130,  16.275623594,    44.864156946,      -4.893020655,        129.908,      -46.246, 109.589, 137.8980,    *,  0.710292,  6.06653474719588,-29.0419776,    6.5731,
 2026-Sep-18 00:00:00, , , 139.388761361,  16.350985712,  139.757704106,  16.239823601,    45.640240637,      -4.622679010,        -84.169,       30.712, 290.050,  89.5956,    *,  0.711619,  6.05522467780318, -8.8508872,    6.6992,
 2026-Sep-19 00:00:00, , , 139.577532217,  16.295879976,  139.946366518,  16.184363268,    46.372597825,      -4.386613294,       -101.996,       36.228, 289.559, 108.2369,    *,  0.711945,  6.05244908795019, -7.4761586,    6.8098,
 2026-Sep-20 00:00:00, , , 139.834404712,  16.217390673,  140.203047079,  16.105409801,    47.052219986,      -4.193606785,        119.565,      -43.536, 110.002, 127.2483,    *,  0.713192,  6.04186263022807,-28.9252579,    6.9148,
 2026-Sep-21 00:00:00, , , 140.005956029,  16.168298848,  140.374512560,  16.056001355,    47.795354796,      -3.938633620,         50.694,      -17.682, 109.226,  53.6902,    *,  0.715158,  6.02525911232433,-22.5194629,    7.0350,
 2026-Sep-22 00:00:00, , , 140.140057063,  16.131572764,  140.508568076,  16.019025950,    48.565485850,      -3.654515899,       -143.365,       52.153, 289.997, 152.5519,    *,  0.715962,  6.01849107330658, -4.5162833,    7.1515,
 2026-Sep-23 00:00:00, ,m, 140.370342566,  16.061195402,  140.738676718,  15.948245311,    49.262494249,      -3.434096632,         -0.612,       -0.544, 228.362,   0.8183,    O,  0.716559,  6.01347501713230,-18.2540879,    7.2518,
 2026-Sep-24 00:00:00, ,m, 140.598798063,  15.991652482,  140.966947159,  15.878307001,    49.959885527,      -3.209077166,        140.347,      -51.065, 109.988, 149.3528,    *,  0.718460,  5.99756139051420,-31.9579709,    7.3597,
 2026-Sep-25 00:00:00, ,m, 140.727468522,  15.956641331,  141.095547201,  15.843066611,    50.730227820,      -2.910552970,        -59.228,       22.430, 290.745,  63.3318,    *,  0.720116,  5.98377598363470,-13.2610104,    7.4776,
 2026-Sep-26 00:00:00, ,m, 140.894433153,  15.907583811,  141.262383658,  15.793716784,    51.471184400,      -2.636194429,       -121.816,       44.209, 289.952, 129.5865,    *,  0.720618,  5.97960377646130, -7.6988805,    7.5809,
 2026-Sep-27 00:00:00, ,m, 141.142865732,  15.829979666,  141.510582822,  15.715685053,    52.151281777,      -2.416807850,        102.187,      -38.217, 110.501, 109.1020,    *,  0.721863,  5.96929347174135,-29.1267457,    7.6773,
 2026-Sep-28 00:00:00, ,m, 141.318117229,  15.778294982,  141.685698774,  15.663686525,    52.883900145,      -2.141707199,         77.706,      -27.895, 109.744,  82.5625,    *,  0.724049,  5.95126574087540,-26.9595293,    7.7883,
 2026-Sep-29 00:00:00, ,m, 141.437191208,  15.745804288,  141.804719558,  15.630965746,    53.656375254,      -1.823226588,       -136.534,       50.825, 290.424, 145.6829,    *,  0.725165,  5.94210630622042, -7.2065574,    7.8966,
 2026-Sep-30 00:00:00, ,m, 141.647465361,  15.680613009,  142.014842761,  15.565391287,    54.361776406,      -1.568111910,        -30.095,       10.212, 288.744,  31.7797,    u,  0.725817,  5.93677339073516,-17.3902321,    7.9886,
 2026-Oct-01 00:00:00, ,m, 141.876173880,  15.609212511,  142.243397533,  15.493574687,    55.052897454,      -1.323313664,        145.236,      -53.975, 110.381, 154.9460,    *,  0.727780,  5.92076217031868,-34.1692383,    8.0867,
 2026-Oct-02 00:00:00, ,m, 142.001778239,  15.574341540,  142.368994265,  15.458451619,    55.817078864,      -0.999962350,        -31.568,       12.766, 292.019,  34.0512,    *,  0.729757,  5.90471642730984,-17.7462701,    8.1954,
 2026-Oct-03 00:00:00, ,m, 142.146476336,  15.531862474,  142.513668341,  15.415693010,    56.566686386,      -0.688177324,       -137.131,       50.796, 290.331, 146.2325,    *,  0.730470,  5.89895831860086, -8.2559904,    8.2900,
 2026-Oct-04 00:00:00, ,m, 142.382857801,  15.456596639,  142.749910349,  15.340008906,    57.250119320,      -0.441514417,         80.396,      -30.993, 111.078,  86.1642,    *,  0.731709,  5.88896572684755,-28.8003508,    8.3768,
 2026-Oct-05 00:00:00, ,m, 142.561181590,  15.402517196,  142.928160084,  15.285611000,    57.973720632,      -0.148561459,        102.014,      -37.483, 110.170, 108.6851,    *,  0.734089,  5.86987594576614,-30.9526880,    8.4774,
 2026-Oct-06 00:00:00, ,m, 142.666491447,  15.374063046,  143.033472180,  15.256960382,    58.747992294,       0.201505623,       -124.229,       47.340, 290.866, 132.9399,    *,  0.735537,  5.85832238812320,-10.2667395,    8.5762,
 2026-Oct-07 00:00:00, , , 142.854261122,  15.315290019,  143.221122749,  15.197867143,    59.463541440,       0.491919393,        -58.911,       21.131, 289.735,  62.5855,    *,  0.736269,  5.85249842997050,-16.5206574,    8.6585,
 2026-Oct-08 00:00:00, , , 143.080144963,  15.243177635,  143.446826338,  15.125378191,    60.151507168,       0.756449022,        144.361,      -54.773, 110.771, 154.4074,    *,  0.738269,  5.83664311831846,-35.6732147,    8.7458,
 2026-Oct-09 00:00:00, , , 143.203563528,  15.208203626,  143.570184968,  15.090186292,    60.910024643,       1.101422252,         -2.209,        2.070, 313.136,   3.0275,    t,  0.740558,  5.81860046899874,-22.1883221,    8.8437,
 2026-Oct-10 00:00:00, , , 143.325728479,  15.172760556,  143.692288441,  15.054523655,    61.668776908,       1.449369289,       -147.362,       55.661, 290.699, 157.5189,    *,  0.741514,  5.81109984198388, -9.1744995,    8.9282,
 2026-Oct-11 00:00:00, , , 143.546245756,  15.101438170,  143.912626095,  14.982825283,    62.358813146,       1.724455223,         54.976,      -22.087, 111.886,  59.2477,    *,  0.742751,  5.80142361226281,-28.0149155,    9.0039,
 2026-Oct-12 00:00:00, , , 143.726251794,  15.045464673,  144.092515180,  14.926533380,    63.075867596,       2.033528734,        122.708,      -46.019, 110.553, 131.0567,    *,  0.745291,  5.78164859791721,-34.3757811,    9.0927,
 2026-Oct-13 00:00:00, , , 143.818928406,  15.020861356,  144.185196552,  14.901740756,    63.852241683,       2.412093969,       -106.868,       41.751, 291.344, 114.7318,    *,  0.747083,  5.76778070169814,-13.5859610,    9.1805,
 2026-Oct-14 00:00:00, , , 143.981905507,  14.969702412,  144.348102106,  14.850282481,    64.580102484,       2.738014013,        -85.984,       31.764, 290.279,  91.6615,    *,  0.747923,  5.76130587003308,-15.6937036,    9.2515,
 2026-Oct-15 00:00:00, , , 144.201408484,  14.898266411,  144.567474900,  14.778461053,    65.268708577,       3.022580558,        137.728,      -53.340, 111.165, 147.7008,    *,  0.749935,  5.74584345917940,-36.4263571,    9.3264,
 2026-Oct-16 00:00:00, , , 144.323079175,  14.863085651,  144.689146041,  14.743044176,    66.023024222,       3.385984493,         27.799,       -9.262, 108.426,  29.3012,    *,  0.752515,  5.72614278376649,-26.4085391,    9.4122,
 2026-Oct-17 00:00:00, , , 144.422780262,  14.834989982,  144.788876869,  14.714748083,    66.791926747,       3.768127118,       -152.100,       58.535, 291.055, 162.9695,    *,  0.753743,  5.71681759104516,-10.4065016,    9.4849,
 2026-Oct-18 00:00:00, , , 144.623766422,  14.769218701,  144.989765132,  14.648628372,    67.492122238,       4.072588428,         26.861,      -11.813, 113.737,  29.3440,    *,  0.754981,  5.70744420967181,-26.8140810,    9.5480,
 2026-Oct-19 00:00:00, , , 144.803610982,  14.712038653,  145.169535098,  14.591136770,    68.205793007,       4.396364163,        139.000,      -53.109, 110.905, 148.8047,    *,  0.757644,  5.68738013396001,-37.1029788,    9.6237,
 2026-Oct-20 00:00:00, , , 144.884905934,  14.691002075,  145.250869788,  14.569940345,    68.985190077,       4.799906327,        -85.038,       34.204, 291.915,  91.6569,    *,  0.759783,  5.67136642576100,-17.0342498,    9.6989,
 2026-Oct-21 00:00:00, , , 145.021364299,  14.648447121,  145.387287248,  14.527147742,    69.727707916,       5.160899209,       -110.320,       41.665, 290.695, 117.9227,    *,  0.760758,  5.66410482941613,-14.9545952,    9.7572,
 2026-Oct-22 00:00:00, ,m, 145.230845828,  14.579153164,  145.596627071,  14.457511368,    70.421091804,       5.465967820,        125.540,      -49.654, 111.575, 135.0069,    *,  0.762759,  5.64924062338035,-36.4366387,    9.8184,
 2026-Oct-23 00:00:00, ,m, 145.350965487,  14.543719295,  145.716708078,  14.421868147,    71.173364726,       5.844670517,         57.360,      -20.786, 109.917,  61.0111,    *,  0.765602,  5.62826689575986,-30.2686159,    9.8905,
 2026-Oct-24 00:00:00, ,m, 145.428769253,  14.523047654,  145.794519101,  14.401047457,    71.953853160,       6.258303506,       -151.139,       59.229, 291.406, 162.3248,    *,  0.767125,  5.61709294000113,-11.9268712,    9.9501,
 2026-Oct-25 00:00:00, ,m, 145.606917908,  14.464328746,  145.972551334,  14.342027800,    72.668034909,       6.592699080,         -2.955,       -0.535, 259.746,   3.0029,    O,  0.768371,  5.60797784142211,-25.2924803,    9.9992,
 2026-Oct-26 00:00:00, ,m, 145.784410624,  14.406773986,  146.149940072,  14.284166882,    73.382160487,       6.929978649,        150.261,      -58.407, 111.235, 161.2183,    *,  0.771118,  5.58800090813962,-39.0808741,   10.0604,
 2026-Oct-27 00:00:00, ,m, 145.855620855,  14.388943606,  146.221194810,  14.266177357,    74.166279381,       7.354536752,        -59.493,       24.935, 292.742,  64.5064,    *,  0.773601,  5.57006785225517,-20.5139292,   10.1218,
 2026-Oct-28 00:00:00, ,m, 145.964376594,  14.355760548,  146.329967099,  14.232774337,    74.926267788,       7.749318934,       -131.024,       50.409, 291.049, 140.3828,    *,  0.774738,  5.56189348140696,-14.3739783,   10.1659,
 2026-Oct-29 00:00:00, ,m, 146.160116761,  14.290142598,  146.525635508,  14.166808051,    75.629137693,       8.075268770,        108.196,      -43.784, 112.028, 116.7221,    *,  0.776709,  5.54777813971784,-35.7669056,   10.2121,
 2026-Oct-30 00:00:00, ,m, 146.278490347,  14.254534631,  146.644046039,  14.130964865,    76.382427015,       8.466170698,         85.420,      -32.048, 110.562,  91.2354,    *,  0.779780,  5.52593116712933,-33.6713728,   10.2693,
 2026-Oct-31 00:00:00, ,m, 146.335257560,  14.241200002,  146.700926281,  14.117488585,    77.176657749,       8.907845128,       -144.463,       57.640, 291.758, 155.5325,    *,  0.781619,  5.51293133613051,-13.7122683,   10.3143,
 2026-Nov-01 00:00:00, ,m, 146.487541087,  14.190949470,  146.853195690,  14.066967008,    77.909158692,       9.272227057,        -33.395,       11.318, 288.724,  35.2604,    u,  0.782888,  5.50399532761288,-23.5641651,   10.3481,
 2026-Nov-02 00:00:00, ,m, 146.660002438,  14.134064829,  147.025605309,  14.009790510,    78.628349921,       9.622120723,        156.051,      -61.643, 111.549, 167.7906,    *,  0.785679,  5.48444339742665,-40.2917113,   10.3935,
 2026-Nov-03 00:00:00, ,m, 146.722195583,  14.119124213,  147.087865929,  13.994721055,    79.419763459,      10.063606981,        -31.095,       14.250, 294.622,  34.2040,    *,  0.788494,  5.46486335526590,-23.9278313,   10.4394,
 2026-Nov-04 00:00:00, , , 146.802388388,  14.095939995,  147.168086879,  13.971385646,    80.200658026,      10.490283932,       -147.328,       57.610, 291.363, 158.1867,    *,  0.789823,  5.45566918577505,-14.0009150,   10.4678,
 2026-Nov-05 00:00:00, , , 146.980459019,  14.035657649,  147.346055616,  13.910813832,    80.918370909,      10.837601573,         86.290,      -35.904, 112.588,  93.4634,    *,  0.791748,  5.44240288852905,-34.4882808,   10.4975,
 2026-Nov-06 00:00:00, , , 147.096236405,  14.000206640,  147.461806215,  13.875159022,    81.676687982,      11.238033545,        110.966,      -42.590, 110.993, 118.8612,    *,  0.795007,  5.42009415129108,-36.5120501,   10.5384,
 2026-Nov-07 00:00:00, , , 147.132836455,  13.994077545,  147.498478538,  13.868933038,    82.487707793,      11.703907217,       -132.260,       53.760, 292.125, 142.7647,    *,  0.797174,  5.40535490804692,-15.6916583,   10.5671,
 2026-Nov-08 00:00:00, , , 147.256369249,  13.953675664,  147.621983891,  13.828306898,    83.243612115,      12.097902464,        -63.386,       23.293, 290.180,  67.5293,    *,  0.798480,  5.39651477480155,-21.6962819,   10.5838,
 2026-Nov-09 00:00:00, , , 147.420537449,  13.898767992,  147.786088581,  13.773113429,    83.973439416,      12.459848289,        156.115,      -62.622, 111.851, 168.2115,    *,  0.801273,  5.37770539671366,-40.6940770,   10.6119,
 2026-Nov-10 00:00:00, , , 147.474375755,  13.886524242,  147.840011887,  13.760734157,    84.775821938,      12.914104969,         -0.830,        2.533, 341.865,   2.6652,    t,  0.804397,  5.35681895608569,-27.1207374,   10.6408,
 2026-Nov-11 00:00:00, , , 147.525437071,  13.873823406,  147.891170626,  13.747899634,    85.581980643,      13.369959294,       -158.629,       62.940, 291.648, 170.6535,    *,  0.805941,  5.34655795472683,-13.8078407,   10.6517,
 2026-Nov-12 00:00:00, , , 147.681846331,  13.820590731,  148.047556733,  13.694386962,    86.320772872,      13.738811318,         60.557,      -26.265, 113.445,  66.0088,    *,  0.807804,  5.33422728018938,-32.6276116,   10.6632,
 2026-Nov-13 00:00:00, , , 147.793650453,  13.785828252,  148.159398673,  13.659408341,    87.089163338,      14.146206978,        133.076,      -51.971, 111.328, 142.8679,    *,  0.811200,  5.31189840204996,-38.6540363,   10.6862,
 2026-Nov-14 00:00:00, , , 147.811093712,  13.786659090,  148.176993708,  13.660156716,    87.920967431,      14.631738601,       -114.917,       47.675, 292.536, 124.4110,    *,  0.813697,  5.29559643558429,-17.7360384,   10.6970,
 2026-Nov-15 00:00:00, , , 147.903455826,  13.757289187,  148.269409969,  13.630605221,    88.706118932,      15.054061890,        -91.860,       34.917, 290.816,  98.2704,    *,  0.815051,  5.28679524137108,-19.7182231,   10.6951,
 2026-Nov-16 00:00:00, , , 148.055862671,  13.705759326,  148.421791895,  13.578815859,    89.452961122,      15.427406571,        150.401,      -61.243, 112.150, 162.3975,    *,  0.817799,  5.26903400529013,-40.2522766,   10.7043,
 2026-Nov-17 00:00:00, , , 148.101874029,  13.696023204,  148.467899208,  13.568970767,    90.270847787,      15.890014318,         30.275,       -9.791, 107.921,  31.8190,    *,  0.821195,  5.24724510341953,-29.9392153,   10.7148,
 2026-Nov-18 00:00:00, , , 148.123831822,  13.693996537,  148.489969056,  13.566871556,    91.107375748,      16.371270280,       -164.480,       66.137, 291.911, 177.2730,    *,  0.822969,  5.23593490583028,-13.7567711,   10.7067,
 2026-Nov-19 00:00:00, , , 148.254936728,  13.649389066,  148.621042745,  13.522043853,    91.874198320,      16.761149114,         31.890,      -15.210, 115.497,  35.3318,    *,  0.824753,  5.22460839951572,-30.2427135,   10.6987,
 2026-Nov-20 00:00:00, ,m, 148.361152070,  13.615924407,  148.727252612,  13.488392660,    92.658548849,      17.172861025,        150.952,      -59.798, 111.605, 162.3692,    *,  0.828225,  5.20270479905803,-40.0117329,   10.7025,
 2026-Nov-21 00:00:00, ,m, 148.360765004,  13.623274589,  148.726987067,  13.495698501,    93.515993149,      17.672686015,        -92.974,       39.562, 293.054, 101.0395,    *,  0.831040,  5.18508308697500,-19.7448672,   10.6941,
 2026-Nov-22 00:00:00, ,m, 148.420234002,  13.605806596,  148.786508037,  13.478098871,    94.337081312,      18.120811871,       -117.806,       45.727, 291.218, 126.3660,    *,  0.832454,  5.17627686893539,-17.6883959,   10.6721,
 2026-Nov-23 00:00:00, ,m, 148.557433944,  13.559048738,  148.923680452,  13.431096165,    95.108240851,      18.504427671,        139.064,      -57.504, 112.460, 150.4887,    *,  0.835107,  5.15982847536682,-38.9978769,   10.6613,
 2026-Nov-24 00:00:00, ,m, 148.596050306,  13.551624546,  148.962409674,  13.423553230,    95.947167537,      18.970495236,         61.151,      -22.259, 109.999,  65.0765,    *,  0.838726,  5.13756738637897,-32.2834217,   10.6522,
 2026-Nov-25 00:00:00, ,m, 148.589536582,  13.560158396,  148.956081684,  13.432024152,    96.820183192,      19.472035909,       -164.638,       67.029, 292.159, 177.7539,    *,  0.840739,  5.12526767220522,-13.8373435,   10.6240,
 2026-Nov-26 00:00:00, ,m, 148.692120708,  13.525570768,  149.058734013,  13.397224760,    97.623029407,      19.881337141,          1.254,       -3.132, 158.182,   3.3738,    O,  0.842430,  5.11497770140060,-27.4365163,   10.5951,
 2026-Nov-27 00:00:00, ,m, 148.790866836,  13.494110458,  149.157561010,  13.365561578,    98.430299941,      20.294389731,        163.931,      -65.726, 111.842, 176.6215,    *,  0.845913,  5.09391441808933,-40.5619412,   10.5787,
 2026-Nov-28 00:00:00, ,m, 148.774111176,  13.507426673,  149.141019353,  13.378838055,    99.319316179,      20.802275645,        -67.157,       29.690, 293.852,  73.4260,    *,  0.849023,  5.07525546554303,-21.6459379,   10.5499,
 2026-Nov-29 00:00:00, ,m, 148.799542593,  13.502460568,  149.166595861,  13.373783959,   100.184144334,      21.272317798,       -140.313,       55.288, 291.511, 150.8084,    *,  0.850507,  5.06640296381522,-15.6793349,   10.5068,
 2026-Nov-30 00:00:00, ,m, 148.918008210,  13.461908380,  149.285076136,  13.333025614,   100.988058023,      21.664539100,        122.443,      -51.495, 112.805, 132.8342,    *,  0.853020,  5.05147696122655,-36.9999765,   10.4748,
 2026-Dec-01 00:00:00, ,m, 148.949296798,  13.456722053,  149.316469095,  13.327755016,   101.854661235,      22.128933057,         90.743,      -34.396, 110.756,  97.0451,    *,  0.856802,  5.02917937733409,-34.0769172,   10.4450,
 2026-Dec-02 00:00:00, ,m, 148.915238240,  13.475531522,  149.282579062,  13.346569516,   102.771449710,      22.644572972,       -159.051,       65.534, 292.399, 172.0176,    *,  0.859055,  5.01599157822498,-14.0207351,   10.3953,
 2026-Dec-03 00:00:00, , , 148.986324910,  13.452253185,  149.353700072,  13.323152965,   103.619586053,      23.070702071,        -30.297,        9.515, 287.436,  31.7553,    u,  0.860641,  5.00674609869595,-24.2967985,   10.3445,
 2026-Dec-04 00:00:00, , , 149.075227489,  13.423708320,  149.442619148,  13.294442062,   104.457992294,      23.481976808,        171.536,      -69.493, 112.047, 185.0846,    *,  0.864064,  4.98691281393046,-40.2736149,   10.3067,
 2026-Dec-05 00:00:00, , , 149.043392249,  13.442464762,  149.410952614,  13.313189742,   105.385764371,      23.991066991,        -38.300,       18.397, 295.659,  42.4887,    *,  0.867431,  4.96755173198702,-23.3232564,   10.2565,
 2026-Dec-06 00:00:00, , , 149.034051564,  13.450395084,  149.401760620,  13.321076452,   106.303556533,      24.477734349,       -158.571,       63.204, 291.737, 170.6979,    *,  0.868989,  4.95865009308945,-13.6936928,   10.1908,
 2026-Dec-07 00:00:00, , , 149.130170875,  13.417518556,  149.497913601,  13.288010669,   107.150122041,      24.876063211,        101.085,      -43.416, 113.239, 110.0168,    *,  0.871311,  4.94543499789606,-34.2808911,   10.1366,
 2026-Dec-08 00:00:00, , , 149.153799725,  13.414636761,  149.521676566,  13.285034406,   108.052346946,      25.333150833,        118.042,      -45.732, 111.173, 126.5939,    *,  0.875180,  4.92356823863839,-35.1930789,   10.0851,
 2026-Dec-09 00:00:00, , , 149.093471004,  13.443235406,  149.461589210,  13.313650876,   109.021533380,      25.855220227,       -147.862,       61.665, 292.644, 160.2002,    *,  0.877658,  4.90967160956123,-14.2032964,   10.0129,
 2026-Dec-10 00:00:00, , , 149.130609743,  13.432309529,  149.498854304,  13.302613488,   109.925683842,      26.293866231,        -61.681,       22.250, 289.838,  65.5700,    *,  0.879121,  4.90149670048149,-20.8512206,    9.9391,
 2026-Dec-11 00:00:00, , , 149.207164001,  13.407631871,  149.575490033,  13.277774338,   110.804700058,      26.699384157,        173.462,      -70.914, 112.229, 187.4041,    *,  0.882401,  4.88327932960518,-39.0944758,    9.8790,
 2026-Dec-12 00:00:00, , , 149.161681718,  13.431189082,  149.530232478,  13.301338062,   111.779449974,      27.201640488,         -7.363,        6.096, 309.621,   9.5586,    t,  0.885968,  4.86361619974092,-24.6358278,    9.8065,
 2026-Dec-13 00:00:00, , , 149.117676195,  13.452001109,  149.486438908,  13.322159840,   112.760604796,      27.697571503,       -171.934,       69.148, 291.915, 185.3113,    *,  0.887592,  4.85471703875823,-11.7080737,    9.7176,
 2026-Dec-14 00:00:00, , , 149.188293080,  13.428056701,  149.557119467,  13.298075701,   113.660903292,      28.097959516,         75.677,      -33.541, 113.901,  82.7781,    *,  0.889669,  4.84338519828232,-30.8788336,    9.6404,
 2026-Dec-15 00:00:00, , , 149.203955336,  13.427501843,  149.572902730,  13.297458853,   114.607541533,      28.541159858,        142.094,      -55.819, 111.441, 152.6692,    *,  0.893535,  4.82242929502958,-35.5441656,    9.5667,
 2026-Dec-16 00:00:00, , , 149.119313230,  13.465052652,  149.488489552,  13.335085499,   115.638590485,      29.060166522,       -131.414,       55.540, 292.915, 142.6646,    *,  0.896205,  4.80806303070813,-14.3047936,    9.4717,
 2026-Dec-17 00:00:00, , , 149.120985246,  13.467088048,  149.490275359,  13.337081303,   116.610594784,      29.504800903,        -91.826,       34.584, 290.641,  98.1212,    *,  0.897526,  4.80098854736944,-17.1601226,    9.3743,
 2026-Dec-18 00:00:00, ,m, 149.182903848,  13.447117664,  149.552233086,  13.316988205,   117.540645590,      29.899283800,        169.596,      -69.902, 112.393, 183.4430,    *,  0.900573,  4.78474085903418,-37.0365776,    9.2918,
 2026-Dec-19 00:00:00, ,m, 149.125511768,  13.474662496,  149.495026248,  13.344567116,   118.571245990,      30.385241517,         24.635,       -6.764, 105.352,  25.5465,    *,  0.904266,  4.76520386345780,-25.4967704,    9.1969,
 2026-Dec-20 00:00:00, ,m, 149.047940325,  13.507868875,  149.417669579,  13.377829109,   119.627076741,      30.880613779,       -179.899,       72.863, 292.056, 194.0881,    *,  0.905941,  4.75639044592301, -9.7298208,    9.0846,
 2026-Dec-21 00:00:00, ,m, 149.090567798,  13.493807057,  149.460381892,  13.363653038,   120.593280790,      31.276884619,         47.065,      -22.235, 115.285,  52.0538,    *,  0.907719,  4.74707602748852,-26.8817760,    8.9844,
 2026-Dec-22 00:00:00, ,m, 149.098064248,  13.495536337,  149.468027609,  13.365309071,   121.593766913,      31.698264186,        162.079,      -64.262, 111.622, 174.3596,    *,  0.911479,  4.72749049212616,-35.1021570,    8.8887,
 2026-Dec-23 00:00:00, ,m, 148.991731794,  13.540876491,  149.361998084,  13.410727156,   122.696648959,      32.202567440,       -110.210,       47.360, 293.259, 119.9521,    *,  0.914296,  4.71292541273255,-14.2788359,    8.7709,
 2026-Dec-24 00:00:00, ,m, 148.957421950,  13.556024301,  149.327912308,  13.425856865,   123.749226212,      32.643926873,       -119.687,       46.034, 291.042, 128.2315,    *,  0.915453,  4.70697040850647,-13.3108142,    8.6502,
 2026-Dec-25 00:00:00, ,m, 149.002707304,  13.541471941,  149.373326916,  13.411184041,   124.741422585,      33.020345703,        160.033,      -66.472, 112.550, 173.2947,    *,  0.918180,  4.69299052663890,-34.1634849,    8.5455,
 2026-Dec-26 00:00:00, ,m, 148.935357490,  13.572082688,  149.306230648,  13.441836763,   125.836835499,      33.478986433,         56.634,      -19.700, 109.178,  59.9633,    *,  0.921909,  4.67400705894196,-25.8628759,    8.4287,
 2026-Dec-27 00:00:00, ,m, 148.826208079,  13.616788299,  149.197361370,  13.486651272,   126.978909730,      33.961406170,       -182.164,       74.189, 292.166, 196.6852,    *,  0.923615,  4.66537651260075, -7.7844831,    8.2934,
 2026-Dec-28 00:00:00, ,m, 148.839003549,  13.613277118,  149.210267359,  13.483088854,   128.023749003,      34.345060604,         16.195,       -9.918, 121.482,  18.9907,    O,  0.925045,  4.65816477754551,-22.4057186,    8.1706,
 2026-Dec-29 00:00:00, ,m, 148.838094009,  13.617269962,  149.209471006,  13.487051955,   129.087482503,      34.735430699,        177.286,      -70.722, 111.741, 190.8781,    *,  0.928592,  4.64036738703184,-33.8761159,    8.0535,
 2026-Dec-30 00:00:00, ,m, 148.713082357,  13.669058002,  149.084711715,  13.538980364,   130.271736777,      35.211546992,        -84.937,       37.425, 293.782,  92.8148,    *,  0.931498,  4.62589228045651,-14.0872273,    7.9135,
 2026-Dec-31 00:00:00, , , 148.643073954,  13.697114586,  149.014884176,  13.567099010,   131.417672746,      35.637739950,       -144.313,       56.159, 291.269, 154.8504,    *,  0.932471,  4.62106827013620, -9.3761433,    7.7701,
$$EOE
***************************************************************************************************************************************************************************************************************************************
Column meaning:
 
TIME

  Times PRIOR to 1962 are UT1, a mean-solar time closely related to the
prior but now-deprecated GMT. Times AFTER 1962 are in UTC, the current
civil or "wall-clock" time-scale. UTC is kept within 0.9 seconds of UT1
using integer leap-seconds for 1972 and later years.

  Conversion from the internal Barycentric Dynamical Time (TDB) of solar
system dynamics to the non-uniform civil UT time-scale requested for output
has not been determined for UTC times after the next July or January 1st.
Therefore, the last known leap-second is used as a constant over future
intervals.

  Time tags refer to the UT time-scale conversion from TDB on Earth
regardless of observer location within the solar system, although clock
rates may differ due to the local gravity field and no analog to "UT"
may be defined for that location.

  Any 'b' symbol in the 1st-column denotes a B.C. date. First-column blank
(" ") denotes an A.D. date.
 
CALENDAR SYSTEM

  Mixed calendar mode was active such that calendar dates after AD 1582-Oct-15
(if any) are in the modern Gregorian system. Dates prior to 1582-Oct-5 (if any)
are in the Julian calendar system, which is automatically extended for dates
prior to its adoption on 45-Jan-1 BC.  The Julian calendar is useful for
matching historical dates. The Gregorian calendar more accurately corresponds
to the Earth's orbital motion and seasons. A "Gregorian-only" calendar mode is
available if such physical events are the primary interest.

  NOTE: "n.a." in output means quantity "not available" at the print-time.
 
SOLAR PRESENCE (OBSERVING SITE)
  Time tag is followed by a blank, then a solar-presence symbol:

       '*'  Daylight (refracted solar upper-limb on or above apparent horizon)
       'C'  Civil twilight/dawn
       'N'  Nautical twilight/dawn
       'A'  Astronomical twilight/dawn
       ' '  Night OR geocentric ephemeris

LUNAR PRESENCE (OBSERVING SITE)
  The solar-presence symbol is immediately followed by a lunar-presence symbol:

       'm'  Refracted upper-limb of Moon on or above apparent horizon
       ' '  Refracted upper-limb of Moon below apparent horizon OR geocentric
            ephemeris
 
 'R.A.___(ICRF), DEC____(ICRF),' =
  Astrometric right ascension and declination of the target center with
respect to the observing site (coordinate origin) in the reference frame of
the planetary ephemeris (ICRF). Compensated for down-leg light-time delay
aberration.

  Units: RA  in decimal degrees,  ddd.fffff{ffff}
         DEC in decimal degrees,  sdd.fffff{ffff}
 
 'R.A.__(a-app), DEC___(a-app),' =
  Airless apparent right ascension and declination of the target center
with respect to an instantaneous reference frame defined by the Earth equator
of-date (z-axis) and meridian containing the Earth equinox of-date (x-axis,
EOP-corrected IAU76/80). Compensated for down-leg light-time delay,
gravitational deflection of light, stellar aberration, precession & nutation.
Note: equinox (RA origin) is offset -53 mas from the of-date frame defined by
the IAU06/00a P & N system.

  Units: RA  in decimal degrees, ddd.fffff{ffff}
         DEC in decimal degrees  sdd.fffff{ffff}

 
 'Azimuth_(a-app), Elevation_(a-app),' =
  Airless apparent azimuth and elevation of target center. Compensated
for light-time, the gravitational deflection of light, stellar aberration,
precession and nutation. Azimuth is measured clockwise from north:

  North(0) -> East(90) -> South(180) -> West(270) -> North (360)

Elevation angle is with respect to a plane perpendicular to the reference
surface local zenith direction. TOPOCENTRIC ONLY.  Units: DEGREES
 
 'X_(sat-prim), Y_(sat-prim), SatPANG,' =
   Satellite apparent differential coordinates in the plane-of-sky with
respect to the primary body along with the satellite position angle.
Differential coordinates are defined in RA as:

     X= ((RA_sat - RA_primary) * cosine(DEC_primary))

... and in DEC as:

     Y= (DEC_sat - DEC_primary)

Non-lunar satellites only. "SatPANG" is the counter-clockwise (CCW) position
angle from the reference-frame of-date north-pole to a line from the primary
center to the satellite center. Units: ARCSECONDS (X & Y), DEGREES (pos, angle)
 
 'ang-sep, vis.,' =
  The angular separation between the center of the target object and the center
of the (remote) primary body it revolves around, as seen by the observer, with
target visibility code.

  Visibility codes (refers to limb-to-limb):

    /t = Transiting primary body disk    /O = Occulted by primary body disk
    /p = Partial umbral eclipse          /P = Occulted partial umbral eclipse
    /u = Total umbral eclipse            /U = Occulted total umbral eclipse
    /- = Target is the primary body      /* = None of above ("free and clear")

  The radius of both primary and target body is taken to be the equatorial
value (maximum, given a triaxial shape). Atmospheric effects and oblateness
aspect are NOT currently considered.  Light-time is considered.

  Units: ARCSECONDS and visibility code
 
 'Ang-diam,' =
   The equatorial angular width of the target body full disk, if it were fully
illuminated and visible to the observer. If the target body diameter is unknown
"n.a." is output.

   Units: ARCSECONDS
 
 'delta,     deldot,' =
   Apparent range ("delta", light-time aberrated) and range-rate ("delta-dot")
of the target center relative to the observer. A positive "deldot" means the
target center is moving away from the observer, negative indicates movement
toward the observer.  Units: AU and KM/S
 
 'S-T-O,' =
   The Sun-Target-Observer angle; the interior vertex angle at target center
formed by a vector from the target to the apparent center of the Sun (at
reflection time on the target) and the apparent vector from target to the
observer at print-time. Slightly different from true PHASE ANGLE (requestable
separately) at the few arcsecond level in that it includes stellar aberration
on the down-leg from target to observer.  Units: DEGREES

Computations by ...

    Solar System Dynamics Group, Horizons On-Line Ephemeris System
    4800 Oak Grove Drive, Jet Propulsion Laboratory
    Pasadena, CA  91109   USA

    General site: https://ssd.jpl.nasa.gov/
    Mailing list: https://ssd.jpl.nasa.gov/email_list.html
    System news : https://ssd.jpl.nasa.gov/horizons/news.html
    User Guide  : https://ssd.jpl.nasa.gov/horizons/manual.html
    Connect     : browser        https://ssd.jpl.nasa.gov/horizons/app.html#/x
                  API            https://ssd-api.jpl.nasa.gov/doc/horizons.html
                  command-line   telnet ssd.jpl.nasa.gov 6775
                  e-mail/batch   https://ssd.jpl.nasa.gov/ftp/ssd/horizons_batch.txt
                  scripts        https://ssd.jpl.nasa.gov/ftp/ssd/SCRIPTS
    Inquiries   : Jon.D.Giorgini@jpl.nasa.gov

***************************************************************************************************************************************************************************************************************************************
