# Reference states for the JUranometria SPK reader (issue #399)
# generator: scripts/spk-reference.py with jplephem 2.24 (MIT), an independent reader
# kernel: juranometria-de440-sun-emb-earth-1900-2100.bsp sha256 2b6debd11ab32525dd6a32acbcc3289535ea0859b021c917445d749faba0540d
# columns: segment(center->target) jd_tdb x_km y_km z_km vx_km_s vy_km_s vz_km_s
# jd_tdb is a Julian date on the TDB scale; the reader converts to seconds past J2000
0->3 2414976.500000000 81349598.293949366 114403861.440511063 49614502.616641507 -25.441804999070 14.848749791289 6.441471485341
0->3 2414976.500001000 81349596.096273988 114403862.723153204 49614503.173058912 -25.441805285908 14.848749388327 6.441471310520
0->3 2414984.500000000 63028593.691967957 123519374.258318767 53568828.100262053 -27.485045803146 11.481302526446 4.980552439459
0->3 2414992.499999000 43477201.705308564 130220096.823171079 56475536.453465961 -28.995114820665 7.873115485937 3.415207030626
0->3 2414992.500000000 43477199.200696565 130220097.503254578 56475536.748473182 -28.995114974472 7.873115022938 3.415206829764
0->3 2414992.500001000 43477196.696084559 130220098.183338016 56475537.043480381 -28.995115128279 7.873114559939 3.415206628901
0->3 2415000.500000000 23076812.275860276 134364385.806320459 58273188.153649732 -29.936735298838 4.096759503103 1.776918859322
0->3 2415008.499999000 2229020.551385913 135862508.290014923 58922864.061436251 -30.286950094468 0.229573174564 0.099239723023
0->3 2415008.500000000 2229017.935184564 135862508.309845537 58922864.070008621 -30.286950100733 0.229572688923 0.099239512340
0->3 2415008.500001000 2229015.318983227 135862508.329676092 58922864.078580968 -30.286950106998 0.229572203281 0.099239301658
0->3 2415016.500000000 -18653254.274831261 134679285.616114169 58409312.112127349 -30.036001713465 -3.648272958336 -1.583050418052
0->3 2415020.500000000 -28977462.254239149 133086428.810401335 57718176.252175324 -29.685772328643 -5.565877667193 -2.414942031678
0->3 2416576.499999000 -144088943.941166043 -40345053.283356607 -17474984.305754721 8.277278973158 -26.233278861252 -11.379987108035
0->3 2416576.500000000 -144088943.226170689 -40345055.549399868 -17474985.288763486 8.277279461761 -26.233278723270 -11.379987048168
0->3 2416576.500001000 -144088942.511175275 -40345057.815443113 -17474986.271772243 8.277279950363 -26.233278585287 -11.379986988301
0->3 2416584.500000000 -137039620.872068793 -58040604.105150178 -25151279.541430086 12.083737559335 -24.890375639958 -10.797353657256
0->3 2429000.000000000 -140007198.775908232 -50831364.495611288 -22023361.592601631 10.571291767839 -25.485742296385 -11.053270475397
0->3 2430976.499999000 146967090.142816067 -33849032.829754010 -14683816.621456951 6.611825230117 26.450457286445 11.471381537915
0->3 2430976.500000000 146967090.713948697 -33849030.544950768 -14683815.630553484 6.611824739683 26.450457396623 11.471381585692
0->3 2430976.500001000 146967091.285081267 -33849028.260147512 -14683814.639650015 6.611824249249 26.450457506801 11.471381633469
0->3 2430984.500000000 150166090.513029426 -15318204.318586254 -6647142.470109197 2.626036906807 27.086428493070 11.747142793057
0->3 2440587.500000000 -26367923.174021591 132919715.223571554 57628216.175367020 -29.770495523005 -5.110673879356 -2.216293969369
0->3 2451545.000000000 -27570283.695094064 132358140.388149574 57417728.596559078 -29.777128216058 -5.037847169535 -2.184306352441
0->3 2451545.250000000 -28213209.750776656 132248032.076042965 57369987.943463542 -29.752965558194 -5.157350610056 -2.236117421049
0->3 2451728.499999000 29103172.183380224 -137368259.905970275 -59526048.218881123 28.730304450379 5.279046308828 2.288440680248
0->3 2451728.500000000 29103174.665117756 -137368259.449963659 -59526048.021204509 28.730304352640 5.279046754562 2.288440873496
0->3 2451728.500001000 29103177.146855284 -137368258.993957043 -59526047.823527873 28.730304254900 5.279047200296 2.288441066744
0->3 2451736.500000000 48632108.841039322 -132499542.400901526 -57415415.999548070 27.692132220424 8.787637666282 3.809590764000
0->3 2460000.000000000 -135824938.226617962 56720414.489336178 24623245.911864262 -12.935039869714 -24.946098492403 -10.813776882012
0->3 2461000.123456789 77419105.732169241 114473144.950807899 49643952.971098848 -25.784175302867 14.305349054839 6.201003648022
0->3 2470000.000000000 51419156.186062425 -131779027.968888611 -57116445.603403807 27.576867199501 9.097944073776 3.942744187997
0->3 2488069.500000000 -22294198.757118981 133400101.499768272 57759185.706089154 -29.890248875046 -4.467248357631 -1.934886958998
0->3 2488448.499999000 -56942703.303747490 124631489.611905336 53962148.663164444 -27.867299645738 -10.869763088414 -4.708851519859
0->3 2488448.500000000 -56942705.710924968 124631488.672975138 53962148.256413810 -27.867299436994 -10.869763534894 -4.708851713314
0->3 2488448.500001000 -56942708.118102424 124631487.734044895 53962147.849663168 -27.867299228249 -10.869763981374 -4.708851906769
0->3 2488456.500000000 -75564791.971022472 115911143.104426265 50184336.889121898 -25.927311814533 -14.319873253059 -6.203753781544
0->3 2488464.499999000 -92667214.670818552 104902880.901105151 45415186.259352237 -23.478127075033 -17.478627467483 -7.572429055715
0->3 2488464.500000000 -92667216.698859259 104902879.391301200 45415185.605245784 -23.478126739251 -17.478627841291 -7.572429217685
0->3 2488464.500001000 -92667218.726899952 104902877.881497234 45415184.951139301 -23.478126403470 -17.478628215099 -7.572429379656
0->3 2488472.500000000 -107915836.395724937 91830566.828522146 39751684.732385717 -20.573018660493 -20.282296115570 -8.787263547520
0->3 2488480.499999000 -121016721.571209043 76959207.475348100 33308647.493674897 -17.274789016879 -22.675824172782 -9.824401499178
0->10 2414976.500000000 523902.266366280 856405.378582885 353234.276228735 -0.012368128703 0.006500514975 0.003137509213
0->10 2414976.500001000 523902.265297915 856405.379144402 353234.276499754 -0.012368128712 0.006500514960 0.003137509207
0->10 2414984.500000000 515329.929010048 860857.763812285 355385.825268414 -0.012435212045 0.006383172356 0.003088287681
0->10 2414992.499999000 506712.659457588 865230.631035305 357504.055252058 -0.012498846994 0.006270734019 0.003041324672
0->10 2414992.500000000 506712.658377932 865230.631576974 357504.055514769 -0.012498847002 0.006270734005 0.003041324666
0->10 2414992.500001000 506712.657298276 865230.632118643 357504.055777480 -0.012498847010 0.006270733991 0.003041324661
0->10 2415000.500000000 498051.125492357 869527.396796073 359590.696006054 -0.012563997657 0.006162317934 0.002996598174
0->10 2415008.499999000 489343.692221695 873749.305688978 361646.513608462 -0.012631163855 0.006053614356 0.002951798138
0->10 2415008.500000000 489343.691130609 873749.306211892 361646.513863440 -0.012631163863 0.006053614343 0.002951798133
0->10 2415008.500001000 489343.690039523 873749.306734806 361646.514118418 -0.012631163872 0.006053614329 0.002951798127
0->10 2415016.500000000 480590.101072788 877895.698050292 363671.074248622 -0.012697158435 0.005944034658 0.002906227666
0->10 2415020.500000000 476196.387112039 879940.511833631 364671.516209404 -0.012729339273 0.005889424113 0.002883372760
0->10 2416576.499999000 -968702.037072644 73208.894929618 61537.183187152 0.000114988524 -0.013625310609 -0.005786064052
0->10 2416576.500000000 -968702.037062712 73208.893752657 61537.182687349 0.000114988545 -0.013625310608 -0.005786064052
0->10 2416576.500001000 -968702.037052779 73208.892575696 61537.182187546 0.000114988566 -0.013625310607 -0.005786064053
0->10 2416584.500000000 -968563.549344392 63793.960013625 57537.454372571 0.000285201509 -0.013616475714 -0.005786932362
0->10 2429000.000000000 -784806.151575284 270402.586616825 142372.882842127 -0.007515073792 -0.011317277091 -0.004647921483
0->10 2430976.499999000 607933.208762387 -971884.972040950 -426464.609861861 0.012726596660 0.006609171970 0.002470542969
0->10 2430976.500000000 607933.209861716 -971884.971470047 -426464.609648454 0.012726596653 0.006609171983 0.002470542974
0->10 2430976.500001000 607933.210961046 -971884.970899143 -426464.609435047 0.012726596646 0.006609171995 0.002470542980
0->10 2430984.500000000 616710.951802575 -967281.005966924 -424741.609369805 0.012672201237 0.006713340419 0.002515352965
0->10 2440587.500000000 644175.762617087 255784.190550571 101011.363066203 -0.003151182294 0.008413900935 0.003684431480
0->10 2451545.000000000 -1067706.805380953 -396036.184795946 -138065.184286881 0.009312571927 -0.011701506128 -0.005251266205
0->10 2451545.250000000 -1067505.614597408 -396288.902215769 -138178.597480096 0.009316204053 -0.011698255444 -0.005249955628
0->10 2451728.499999000 -898438.346855855 -562965.623253765 -214009.622642454 0.012010262846 -0.009202916919 -0.004261903243
0->10 2451728.500000000 -898438.345818403 -562965.624048718 -214009.623010599 0.012010262858 -0.009202916903 -0.004261903236
0->10 2451728.500001000 -898438.344780951 -562965.624843670 -214009.623378744 0.012010262871 -0.009202916887 -0.004261903229
0->10 2451736.500000000 -890103.438634654 -569282.441889236 -216937.280634877 0.012106529184 -0.009075029166 -0.004209361691
0->10 2460000.000000000 -1344127.177304970 -66311.517541416 5897.978716118 0.002810555636 -0.014033534538 -0.006021179233
0->10 2461000.123456789 -503631.443429389 -767530.876409168 -310375.635728305 0.012620050505 -0.000266288703 -0.000374442282
0->10 2470000.000000000 260125.828274658 -380853.631768162 -165519.237888921 0.007332835933 0.006015687456 0.002470462188
0->10 2488069.500000000 1257698.532529938 156680.493721960 26580.297611214 -0.002359288392 0.013106343953 0.005644278142
0->10 2488448.499999000 1072366.177048661 553659.434389572 200480.410565072 -0.008651556348 0.010627035175 0.004753838209
0->10 2488448.500000000 1072366.176301339 553659.435307535 200480.410975709 -0.008651556363 0.010627035165 0.004753838205
0->10 2488448.500001000 1072366.175554017 553659.436225498 200480.411386345 -0.008651556378 0.010627035155 0.004753838201
0->10 2488456.500000000 1066344.920605421 560975.933587386 203755.031087042 -0.008771439195 0.010542898613 0.004721153369
0->10 2488464.499999000 1060240.472476033 568232.919640086 207006.446660724 -0.008891565105 0.010454559087 0.004686467349
0->10 2488464.500000000 1060240.471707979 568232.920543151 207006.447065541 -0.008891565120 0.010454559075 0.004686467345
0->10 2488464.500001000 1060240.470939926 568232.921446216 207006.447470358 -0.008891565134 0.010454559064 0.004686467340
0->10 2488472.500000000 1054054.020545589 575427.469727608 210233.109937417 -0.009008333347 0.010362573137 0.004649664929
0->10 2488480.499999000 1047788.369165740 582557.766048823 213433.870018954 -0.009120726899 0.010268932036 0.004611664286
3->399 2414992.499999000 360.643395828 4159.725128117 1774.341025553 -0.012777223474 0.001002437663 -0.000847647148
3->399 2414992.500000000 360.642292125 4159.725214708 1774.340952333 -0.012777223703 0.001002434904 -0.000847648324
3->399 2414992.500001000 360.641188422 4159.725301299 1774.340879113 -0.012777223932 0.001002432146 -0.000847649500
3->399 2415000.500000000 -4298.318822782 -1190.830606593 -924.439468360 0.003741600579 -0.011339039010 -0.004368376447
3->399 2415008.499999000 2637.203643583 -3856.796912462 -1350.825600749 0.010197614776 0.005334551576 0.003240214899
3->399 2415008.500000000 2637.204524458 -3856.796451661 -1350.825320857 0.010197613332 0.005334553646 0.003240215621
3->399 2415008.500001000 2637.205405333 -3856.795990860 -1350.825040966 0.010197611889 0.005334555716 0.003240216343
3->399 2415016.500000000 3641.017298432 2645.370023874 1465.834525819 -0.008318223662 0.008547891321 0.002749309653
3->399 2415020.500000000 -297.263154429 4131.007311289 1697.743371759 -0.012881635249 -0.000854330165 -0.001627266752
3->399 2416576.499999000 235.414569774 4510.688154687 1481.048254668 -0.012092476875 0.001283286888 0.000448029496
3->399 2416576.500000000 235.413525220 4510.688265538 1481.048293369 -0.012092476997 0.001283284252 0.000448028631
3->399 2416576.500001000 235.412480666 4510.688376388 1481.048332070 -0.012092477119 0.001283281615 0.000448027766
3->399 2416584.500000000 -4860.438733969 -272.468002449 -79.737961680 0.001062743399 -0.011318702332 -0.003725647428
3->399 2429000.000000000 4357.298846565 -1477.480647526 -200.019655118 0.004346961903 0.010956607631 0.004502227955
3->399 2430976.499999000 -418.791800397 4204.780531621 1529.542175988 -0.012719901675 -0.001982760545 0.000143275029
3->399 2430976.500000000 -418.792899148 4204.780360350 1529.542188364 -0.012719901400 -0.001982763453 0.000143273972
3->399 2430976.500001000 -418.793997899 4204.780189077 1529.542200740 -0.012719901124 -0.001982766361 0.000143272914
3->399 2430984.500000000 -3827.325512626 -2386.482159427 -599.657850869 0.006163644810 -0.010391196778 -0.004132243734
3->399 2440587.500000000 4670.357378400 765.876062339 539.358264723 -0.003097800463 0.010351551552 0.005501787395
3->399 2451545.000000000 3543.212288020 3240.765393945 924.689692240 -0.007819282438 0.008093354621 0.003661283409
3->399 2451545.250000000 3369.241545182 3410.866294525 1002.424407534 -0.008284869156 0.007653365822 0.003534775775
3->399 2451728.499999000 2067.205991447 -3506.945577417 -1548.989550955 0.011819617735 0.006043812680 0.001283162933
3->399 2451728.500000000 2067.207012432 -3506.945055349 -1548.989440114 0.011819616172 0.006043815308 0.001283164094
3->399 2451728.500001000 2067.208033416 -3506.944533281 -1548.989329274 0.011819614609 0.006043817936 0.001283165255
3->399 2451736.500000000 3237.764371909 3434.446142298 1041.833758211 -0.008468755917 0.007605378258 0.003718374274
3->399 2460000.000000000 -3917.954349162 -2226.491748097 -934.840168374 0.005803044670 -0.009765090215 -0.005438613128
3->399 2461000.123456789 2321.066932007 3816.066850947 2111.666255332 -0.010438142657 0.004961073244 0.002400320277
3->399 2470000.000000000 -3815.961635214 -2285.807198537 -1103.798256562 0.006481866389 -0.010316944648 -0.003304789168
3->399 2488069.500000000 4125.361542738 -1650.861302716 -809.254517077 0.005065088283 0.010327977770 0.005682864066
3->399 2488448.499999000 1477.004782212 -4069.514169242 -2066.649889653 0.011404878093 0.003454622853 0.002442057827
3->399 2488448.500000000 1477.005767365 -4069.513870832 -2066.649678708 0.011404877272 0.003454625129 0.002442058986
3->399 2488448.500001000 1477.006752519 -4069.513572421 -2066.649467763 0.011404876450 0.003454627405 0.002442060145
3->399 2488456.500000000 3695.591422636 2189.426078096 1360.216276472 -0.007555085696 0.009331990190 0.004516525566
3->399 2488464.499999000 -3928.049165869 2229.725446644 960.093284804 -0.007171445415 -0.009010494440 -0.005162758302
3->399 2488464.500000000 -3928.049785338 2229.724668318 960.092838844 -0.007171442937 -0.009010495830 -0.005162758901
3->399 2488464.500001000 -3928.050404807 2229.723889991 960.092392885 -0.007171440458 -0.009010497221 -0.005162759500
