# Reference states across the JUP365 segment split (issue #473)
# generator: scripts/spk-boundary-reference.py with jplephem 2.24 (MIT), an independent reader, on the unmodified source kernel
# kernel: jup365.bsp sha256 dbf016c01ba4d022154838000cf3f06962cf958ddc503a366f7fe8f81495c5cb
# split: JD 2450464.5 TDB; window: 20 days each side
# columns: segment(center->target) index jd_tdb x_km y_km z_km vx_km_s vy_km_s vz_km_s
# index counts the pair's segments in file order from 0; at the split both segments' rows appear
# jd_tdb is a Julian date on the TDB scale; the reader converts to seconds past J2000
# 5->501 index 0: 2305456.500000 to 2450464.500000, records of 97200 s, 50 words
# 5->501 index 1: 2450464.500000 to 2524602.500000, records of 97200 s, 50 words
5->501 0 2450444.500000000 422909.267583520 -13825.951834992 64.969603925 0.464332850640 15.586363890531 7.444486975691
5->501 0 2450444.812500000 199583.545754615 333728.370377988 162385.824018858 -15.312209214253 7.454376504547 3.315724191489
5->501 0 2450445.374999000 -419721.347237299 22835.177398433 4284.605328621 -0.973267686206 -15.669150258320 -7.492020151962
5->501 0 2450445.375000000 -419721.431305494 22833.823897011 4283.958167856 -0.973205808762 -15.669153630874 -7.492020786490
5->501 0 2450445.375001000 -419721.515368344 22832.470395298 4283.311007037 -0.973143931298 -15.669157003238 -7.492021420928
5->501 0 2450445.937500000 154057.310269499 -356803.132975211 -167824.831972985 16.100133745978 5.547287569630 2.900575545262
5->501 0 2450446.499999000 297719.024865998 267851.122842328 132498.774311127 -12.326111461562 11.067290970892 5.086696475955
5->501 0 2450446.500000000 297717.960134555 267852.078833289 132499.213699158 -12.326154865472 11.067251904491 5.086677151209
5->501 0 2450446.500001000 297716.895399363 267853.034820875 132499.653085521 -12.326198268776 11.067212838327 5.086657826592
5->501 0 2450447.062500000 -395195.784949998 130719.695753857 56148.282410096 -5.915824565318 -14.734592458465 -7.124004786358
5->501 0 2450447.624999000 35720.366142524 -380699.656611364 -181093.095320161 17.227237799354 1.163975851329 0.826827130926
5->501 0 2450447.625000000 35721.854231187 -380699.556064746 -181093.023897698 17.227232646379 1.164030919314 0.826853326203
5->501 0 2450447.625001000 35723.342319405 -380699.455513371 -181092.952472972 17.227227493088 1.164085987555 0.826879521579
5->501 0 2450448.187500000 371169.850938692 179694.764395569 91591.792077302 -8.324594182952 13.750432140851 6.430041662374
5->501 0 2450448.749999000 -337317.924334146 227680.419764093 103325.292070311 -10.365372628749 -12.556869526211 -6.155020019552
5->501 0 2450448.750000000 -337318.819692931 227679.335100189 103324.760398992 -10.365322762296 -12.556903172077 -6.155035288450
5->501 0 2450448.750001000 -337319.715047408 227678.250433379 103324.228726354 -10.365272895716 -12.556936817790 -6.155050557273
5->501 0 2450449.312500000 -85533.700031066 -372948.166890827 -179306.194830961 16.926834341160 -3.323740464305 -1.319254355211
5->501 0 2450449.874999000 413669.948061861 76693.049786615 43113.279615991 -3.644864144110 15.281745584630 7.234494184862
5->501 0 2450449.875000000 413669.633215890 76694.369823394 43113.904531364 -3.644924070587 15.281734479429 7.234487941559
5->501 0 2450449.875001000 413669.318364743 76695.689859213 43114.529446198 -3.644983997160 15.281723373576 7.234481697957
5->501 0 2450450.437500000 -251064.019576290 305464.264127511 141800.290343190 -13.941598087568 -9.319073180612 -4.666450803737
5->501 0 2450450.999999000 -199844.626476005 -334213.917154390 -162626.118733682 15.216704963432 -7.549435603748 -3.362539627187
5->501 0 2450451.000000000 -199843.312055700 -334214.569272573 -162626.409188849 15.216734050518 -7.549386958321 -3.362515956750
5->501 0 2450451.000001000 -199841.997632882 -334215.221386555 -162626.699641971 15.216763137797 -7.549338312913 -3.362492286294
5->501 0 2450451.562500000 421727.959611488 -32760.828860138 -8986.186760505 1.326871100042 15.542329642621 7.437227207684
5->501 0 2450452.124999000 -143738.430453772 357393.983137983 168271.598019916 -16.340835027888 -5.298138161625 -2.785650093660
5->501 0 2450452.125000000 -143739.841974265 357393.525482505 168271.357394375 -16.340813818799 -5.298190889693 -2.785674919626
5->501 0 2450452.125001000 -143741.253492927 357393.067822473 168271.116766690 -16.340792609511 -5.298243617692 -2.785699745556
5->501 0 2450452.687500000 -297544.968482330 -267847.516947084 -132498.635047940 12.236600858377 -11.158706114490 -5.131732582282
5->501 0 2450453.249999000 394898.989825343 -139623.708645856 -60399.908737171 6.177904349805 14.516901873466 7.024415292895
5->501 0 2450453.250000000 394899.523470289 -139622.454674930 -60399.301967767 6.177847341005 14.516922035029 7.024424014859
5->501 0 2450453.250001000 394900.057110310 -139621.200702263 -60398.695197610 6.177790332008 14.516942196608 7.024432736814
5->501 0 2450453.812500000 -24185.410474309 379015.468949020 180473.933436945 -17.356276669709 -0.835847544111 -0.672419299146
5->501 0 2450454.374999000 -370267.030372078 -179174.058542294 -91333.923658112 8.221528510490 -13.845204347881 -6.476955522370
5->501 0 2450454.375000000 -370266.320194064 -179175.254489980 -91334.483136984 8.221582720596 -13.845178106846 -6.476942146305
5->501 0 2450454.375001000 -370265.610011367 -179176.450435399 -91335.042614700 8.221636930222 -13.845151865830 -6.476928770267
5->501 0 2450454.937500000 335586.984664060 -235013.808773500 -106852.087351339 10.514996474391 12.294906084869 6.032561257986
5->501 0 2450455.499999000 97539.965122643 368798.285129423 177518.218610010 -16.913506914323 3.688684269843 1.493502817900
5->501 0 2450455.500000000 97538.504133213 368798.603755648 177518.347617664 -16.913521258073 3.688630071594 1.493476729773
5->501 0 2450455.500001000 97537.043142545 368798.922377190 177518.476623064 -16.913535601625 3.688575873307 1.493450641630
5->501 0 2450456.062500000 -411891.349986230 -75457.396951533 -42500.403174875 3.506016918810 -15.378697630493 -7.283047362973
5->501 0 2450456.624999000 248611.086602271 -310885.023120962 -144427.107744782 13.978861535378 9.059112006294 4.543174942682
5->501 0 2450456.625000000 248612.294094850 -310884.240592886 -144426.715304409 13.978825682848 9.059156830566 4.543195766490
5->501 0 2450456.625001000 248613.501584332 -310883.458060939 -144426.322862237 13.978789830193 9.059201654716 4.543216590241
5->501 0 2450457.187500000 211047.627591546 327666.228632736 159681.795647504 -15.053303916331 7.890465254595 3.527808188392
5->501 0 2450457.749999000 -418977.428346526 34645.339880717 9925.611964293 -1.518753375847 -15.623162139293 -7.478963410645
5->501 0 2450457.750000000 -418977.559533786 34643.990351675 9924.965931334 -1.518691681374 -15.623167238862 -7.478964871289
5->501 0 2450457.750001000 -418977.690715716 34642.640822192 9924.319898248 -1.518629986806 -15.623172338046 -7.478966331754
5->501 0 2450458.312500000 140995.232197609 -361094.229219658 -170082.497441120 16.289535095818 5.071257303788 2.676756509236
5->501 0 2450458.874999000 306836.647646810 259035.297224424 128445.019642957 -11.939693389354 11.420829308132 5.261499555268
5->501 0 2450458.875000000 306835.616294101 259036.283754082 128445.474130504 -11.939738215757 11.420791477624 5.261480796492
5->501 0 2450458.875001000 306834.584937519 259037.270280471 128445.928616431 -11.939783042024 11.420753646990 5.261462037658
5->501 0 2450459.437500000 -390884.969809267 141738.688883660 61471.031577994 -6.425296110616 -14.555161731186 -7.046741334858
5->501 0 2450459.999999000 21784.432297015 -381576.304852255 -181736.185767168 17.257173919713 0.661606959642 0.587854966904
5->501 0 2450460.000000000 21785.922971646 -381576.247700261 -181736.134987119 17.257170754229 0.661662099956 0.587881228840
5->501 0 2450460.000001000 21787.413646003 -381576.190543505 -181736.084204801 17.257167588530 0.661717240202 0.587907490740
5->501 0 2450460.562500000 377038.238492266 168669.446341527 86432.625179455 -7.839090274760 13.985422716705 6.549941284863
5->501 0 2450461.124999000 -329673.450983740 236800.977691168 107797.844271303 -10.796565156497 -12.254527662615 -6.017919962889
5->501 0 2450461.125000000 -329674.383588988 236799.919143497 107797.324442659 -10.796516462100 -12.254562663493 -6.017935896744
5->501 0 2450461.125001000 -329675.316190029 236798.860592802 107796.804612639 -10.796467767541 -12.254597664232 -6.017951830529
5->501 0 2450461.687500000 -99120.244445200 -370489.786233487 -178354.153263671 16.796760634592 -3.812309472288 -1.554240739809
5->501 0 2450462.249999000 416023.172245527 64285.495008077 37238.213453443 -3.099374639221 15.382778042926 7.291506604632
5->501 0 2450462.250000000 416022.904518924 64286.823772116 37238.843293585 -3.099435001876 15.382768693571 7.291501191170
5->501 0 2450462.250001000 416022.636787106 64288.152535347 37239.473133260 -3.099495364539 15.382759343982 7.291495777595
5->501 0 2450462.812500000 -240581.922328754 311990.801079366 145081.658868599 -14.260817898019 -8.919082747284 -4.480992022203
5->501 0 2450463.374999000 -211726.568142871 -328565.794991479 -160126.480277031 14.939761713350 -7.979033376319 -3.571804060557
5->501 0 2450463.375000000 -211725.277644852 -328566.484218360 -160126.788808479 14.939792495049 -7.978985652915 -3.571780802136
5->501 0 2450463.375001000 -211723.987144173 -328567.173441118 -160127.097337917 14.939823276530 -7.978937929428 -3.571757543679
5->501 0 2450463.937500000 420413.112536017 -45297.895042366 -14983.663117668 1.881952250043 15.498898015631 7.425526276693
5->501 0 2450464.499999000 -131254.465962112 360927.995348833 170158.561216692 -16.521505182891 -4.831787206694 -2.566297370181
5->501 0 2450464.500000000 -131255.893088972 360927.577976728 170158.339538828 -16.521485775605 -4.831840502649 -2.566322496156
5->501 1 2450464.500000000 -131255.893088972 360927.577976728 170158.339538828 -16.521485775605 -4.831840502649 -2.566322496156
5->501 1 2450464.500001000 -131257.320223018 360927.160597428 170158.117857416 -16.521466368054 -4.831893798850 -2.566347622246
5->501 1 2450465.062500000 -306864.876324002 -259257.527535213 -128555.952911339 11.831342449064 -11.494841054554 -5.298523890914
5->501 1 2450465.624999000 389817.602120742 -151176.050902101 -65988.988538860 6.698110635426 14.330514297330 6.944021991512
5->501 1 2450465.625000000 389818.180704733 -151174.813023575 -65988.388710070 6.698054348012 14.330536147772 6.944031530204
5->501 1 2450465.625001000 389818.759283863 -151173.575143161 -65987.788880455 6.697998060450 14.330557998042 6.944041068813
5->501 1 2450466.187500000 -10991.537417197 379384.602639163 180864.012324088 -17.388493833025 -0.341977938562 -0.437546554068
5->501 1 2450466.749999000 -376511.207115140 -168489.009813154 -86342.133845335 7.728819397123 -14.063395410870 -6.588939233774
5->501 1 2450466.750000000 -376510.539493159 -168490.224615797 -86342.703000927 7.728874455083 -14.063370756822 -6.588926600405
5->501 1 2450466.750001000 -376509.871866421 -168491.439416311 -86343.272155428 7.728929512960 -14.063346102601 -6.588913966953
5->501 1 2450467.312500000 326970.889887346 -244651.384522475 -111585.568554152 10.951495944919 11.980190885029 5.889625364546
5->501 1 2450467.874999000 110243.902828278 365704.027981767 176249.666416629 -16.786715235203 4.168213570941 1.724135516083
5->501 1 2450467.875000000 110242.452782028 365704.388031988 176249.815347268 -16.786731459798 4.168159772680 1.724109588050
5->501 1 2450467.875001000 110241.002734377 365704.748077562 176249.964275668 -16.786747683986 4.168105974513 1.724083660068
5->501 1 2450468.437500000 -414566.442854426 -63709.169343219 -36944.206029060 2.964425100615 -15.460193381305 -7.330687661129
5->501 1 2450468.999999000 237216.526998323 -318005.148035488 -148005.866326053 14.299696645161 8.642712661179 4.349905585520
5->501 1 2450469.000000000 237217.762212383 -318004.401471310 -148005.490577932 14.299662442770 8.642758515822 4.349926927217
5->501 1 2450469.000001000 237218.997423488 -318003.654903170 -148005.114827968 14.299628240137 8.642804370416 4.349948268880
5->501 1 2450469.562500000 222338.657076663 321310.906769967 156835.531625027 -14.779575830950 8.319539731412 3.736755140370
5->501 1 2450470.124999000 -417789.127415772 46438.420676985 15565.236750924 -2.061789242034 -15.563389867950 -7.459278868797
5->501 1 2450470.125000000 -417789.305511588 46437.076302649 15564.592414278 -2.061727783421 -15.563396691744 -7.459281155063
5->501 1 2450470.125001000 -417789.483602096 46435.731927723 15563.948077436 -2.061666324767 -15.563403515347 -7.459283441236
5->501 1 2450470.687500000 127934.441505823 -365007.463867236 -172160.355070125 16.464143983565 4.592942827839 2.451588839637
5->501 1 2450471.249999000 315755.354869986 250020.178245254 124291.638075739 -11.540494609111 11.760785423619 5.430023642488
5->501 1 2450471.250000000 315754.357993820 250021.194146686 124292.107123336 -11.540540794651 11.760748863898 5.430005467409
5->501 1 2450471.250001000 315753.361113665 250022.210044960 124292.576169363 -11.540586980036 11.760712303686 5.429987292120
5->501 1 2450471.812500000 -385937.834945264 152716.636259977 66782.888109837 -6.927972026785 -14.356525623863 -6.960226308730
5->501 1 2450472.374999000 7957.504008435 -381865.251628680 -182098.893031110 17.269080880597 0.157618661711 0.347837441973
5->501 1 2450472.375000000 7958.995720940 -381865.238011113 -182098.862983588 17.269079722105 0.157673818620 0.347863744347
5->501 1 2450472.375001000 7960.487433344 -381865.224388781 -182098.832933793 17.269078563743 0.157728975475 0.347890046708
5->501 1 2450472.937500000 382695.252787795 157751.262211469 81320.116155987 -7.347191270098 14.210064305179 6.665004912090
5->501 1 2450473.499999000 -321677.080580762 246046.290175189 112334.109011805 -11.219026546567 -11.940042716426 -5.874871600095
5->501 1 2450473.500000000 -321678.049684298 246045.258786267 112333.601536499 -11.218979067137 -11.940079041625 -5.874888184805
5->501 1 2450473.500001000 -321679.018783732 246044.227394207 112333.094059761 -11.218931587568 -11.940115366679 -5.874904769444
5->501 1 2450474.062500000 -112641.271289773 -367295.433402041 -177050.404877554 16.648388121692 -4.295697462031 -1.787044416933
5->501 1 2450474.624999000 417747.808071369 52201.196864632 31506.711704994 -2.554879540195 15.466376181487 7.340190576994
5->501 1 2450474.625000000 417747.587376869 52202.532858251 31507.345754431 -2.554940270705 15.466368587167 7.340185994147
5->501 1 2450474.625001000 417747.366677122 52203.868851214 31507.979803473 -2.555001001534 15.466360992840 7.340181411269
5->501 1 2450475.187500000 -230131.045861000 318479.068747538 148344.561633770 -14.565897123495 -8.510576950230 -4.291234912233
5->501 1 2450475.749999000 -223790.259438231 -322338.702936244 -157353.318147957 14.644645332266 -8.403593510396 -3.778944049435
5->501 1 2450475.750000000 -223788.994424437 -322339.428841182 -157353.644574204 14.644677785865 -8.403546766963 -3.778921230988
5->501 1 2450475.750001000 -223787.729407841 -322340.154742082 -157353.970998480 14.644710238755 -8.403500023650 -3.778898412609
5->501 1 2450476.312500000 418263.869825720 -57710.997514479 -20934.194148523 2.436533092007 15.437911665563 7.405451426467
5->501 1 2450476.874999000 -119045.967290051 364124.493052852 171880.563147940 -16.686162560194 -4.362289621265 -2.345203990797
5->501 1 2450476.875000000 -119047.408649046 364124.116233589 171880.360566853 -16.686144971684 -4.362343437595 -2.345229394260
5->501 1 2450476.875001000 -119048.850006522 364123.739409677 171880.157983571 -16.686127382971 -4.362397253870 -2.345254797693
5->501 1 2450477.437500000 -316228.717498249 -250532.304449415 -124548.534123471 11.417857550127 -11.822002287739 -5.461160587317
5->501 1 2450477.999999000 384104.211241300 -162692.059522271 -71570.615480525 7.210828165997 14.129835619981 6.856671827676
5->501 1 2450478.000000000 384104.834114143 -162690.838978406 -71570.023197054 7.210772650175 14.129859123758 6.856682166984
5->501 1 2450478.000001000 384105.456982190 -162689.618432511 -71569.430912691 7.210717134626 14.129882627434 6.856692506253
5->501 1 2450478.562500000 2054.384378351 379137.593826888 180957.910164175 -17.397979705951 0.150955923083 -0.202745950728
5->501 1 2450479.124999000 -382431.147143063 -157764.331203218 -81326.436670145 7.226557553250 -14.265669628256 -6.693487963136
5->501 1 2450479.125000000 -382430.522906697 -157765.563478489 -81327.014856746 7.226613398636 -14.265646602501 -6.693476093028
5->501 1 2450479.125001000 -382429.898665508 -157766.795751770 -81327.593042321 7.226669244204 -14.265623576133 -6.693464222642
5->501 1 2450479.687500000 318008.020635609 -254204.907192355 -116284.150687810 11.380642616449 11.653926894283 5.741078094651
5->501 1 2450480.249999000 122867.029802470 362194.008877806 174781.740286152 -16.644681178264 4.645280401897 1.953818747198
5->501 1 2450480.250000000 122865.592025118 362194.410137337 174781.909056961 -16.644699268096 4.645227049869 1.953793001566
5->501 1 2450480.250001000 122864.154246204 362194.811392260 174782.077825546 -16.644717357723 4.645173697793 1.953767255915
5->501 1 2450480.812500000 -416818.125870433 -51938.298149434 -31369.856944595 2.420704750046 -15.526575367852 -7.371128139936
5->501 1 2450481.374999000 225604.363235253 -324791.273996715 -151428.038198314 14.604290579345 8.219437187284 4.153084356872
5->501 1 2450481.375000000 225605.624760374 -324790.563995258 -151427.679451696 14.604258052384 8.219484021159 4.153106192450
5->501 1 2450481.375001000 225606.886282685 -324789.853989757 -151427.320703192 14.604225525141 8.219530854803 4.153128027918
5->501 1 2450481.937500000 233332.960070171 314613.176643281 153821.937923443 -14.490450592599 8.737827047405 3.940822217264
5->501 1 2450482.499999000 -416209.330147009 58163.417548424 21179.776214650 -2.604037039603 -15.486527203706 -7.431440899247
5->501 1 2450482.500000000 -416209.555082497 58162.079813452 21179.134282628 -2.603975890021 -15.486535749539 -7.431444011259
5->501 1 2450482.500001000 -416209.780012703 58160.742077742 21178.492350337 -2.603914740279 -15.486544295389 -7.431447123262
5->501 1 2450483.062500000 114642.637025915 -368632.924107708 -174103.339224374 16.622875980222 4.107129282119 2.222605810279
5->501 1 2450483.624999000 324339.337122597 240632.351099171 119956.418055941 -11.128885484719 12.089701979569 5.593455782547
5->501 1 2450483.625000000 324338.375801392 240633.395412650 119956.901220920 -11.128932989036 12.089666727643 5.593438209382
5->501 1 2450483.625001000 324337.414476085 240634.439723084 119957.384384381 -11.128980493242 12.089631475559 5.593420636143
5->501 1 2450484.187500000 -380600.632800758 163409.172434879 71965.309968899 -7.422687073407 -14.145311940485 -6.867572015855
5->501 1 2450484.500000000 -329816.881370827 -235726.393804457 -117703.562780713 10.750888042916 -12.315569144466 -5.707222927887
# 5->599 index 0: 2305456.500000 to 2450464.500000, records of 194400 s, 50 words
# 5->599 index 1: 2450464.500000 to 2524602.500000, records of 194400 s, 50 words
5->599 0 2450444.500000000 -15.672210964 -7.463320791 -3.411173367 -0.000711263509 -0.000746269663 -0.000367816424
5->599 0 2450445.375000000 -14.741717920 -41.444143619 -19.568324503 -0.000108116737 -0.000013145919 -0.000006253605
5->599 0 2450446.499999000 -1.317589182 -118.858154703 -56.204807483 0.001572904551 -0.000861142830 -0.000387800316
5->599 0 2450446.500000000 -1.317453315 -118.858229088 -56.204840981 0.001572907096 -0.000861140060 -0.000387798961
5->599 0 2450446.500001000 -1.317317447 -118.858303474 -56.204874479 0.001572909633 -0.000861137276 -0.000387797600
5->599 0 2450447.625000000 108.073122878 -71.572243747 -32.451233269 -0.000023873685 0.000534055085 0.000246395075
5->599 0 2450448.749999000 171.331990416 -31.518073836 -12.942115273 0.000724936655 0.001333518184 0.000645276791
5->599 0 2450448.750000000 171.332053036 -31.517958646 -12.942059534 0.000724934049 0.001333519815 0.000645277536
5->599 0 2450448.750001000 171.332115656 -31.517843457 -12.942003795 0.000724931453 0.001333521436 0.000645278277
5->599 0 2450449.875000000 143.808701850 57.634656154 29.262213494 0.000001775255 0.000277154445 0.000134967738
5->599 0 2450450.999999000 105.243561754 172.618682051 83.658112077 -0.001979427869 0.001109664056 0.000498242967
5->599 0 2450451.000000000 105.243390770 172.618777903 83.658155116 -0.001979430140 0.001109660920 0.000498241433
5->599 0 2450451.000001000 105.243219787 172.618873756 83.658198154 -0.001979432420 0.001109657795 0.000498239904
5->599 0 2450452.125000000 -43.864894913 150.400240293 70.757736637 -0.000646793116 -0.000357800129 -0.000178593117
5->599 0 2450453.249999000 -144.064708076 77.665221286 34.825833082 -0.000354171201 -0.001748747859 -0.000836816466
5->599 0 2450453.250000000 -144.064738669 77.665070229 34.825760798 -0.000354167410 -0.001748748429 -0.000836816682
5->599 0 2450453.250001000 -144.064769262 77.664919173 34.825688514 -0.000354163604 -0.001748749008 -0.000836816903
5->599 0 2450454.375000000 -76.495974637 9.765685930 3.469248284 0.000079014527 0.000314272100 0.000147470348
5->599 0 2450455.499999000 -66.155878734 -31.408283076 -16.406189631 0.001020132780 -0.000274425255 -0.000116847927
5->599 0 2450455.500000000 -66.155790615 -31.408306781 -16.406199725 0.001020133427 -0.000274422723 -0.000116846701
5->599 0 2450455.500001000 -66.155702496 -31.408330485 -16.406209818 0.001020134058 -0.000274420185 -0.000116845473
5->599 0 2450456.625000000 -47.241300704 -4.223245422 -2.938038395 -0.000354510997 -0.000329652624 -0.000157849343
5->599 0 2450457.749999000 -8.728907877 8.021095485 3.943323662 -0.000236000487 0.001104641631 0.000526012364
5->599 0 2450457.750000000 -8.728928263 8.021190904 3.943369099 -0.000236004234 0.001104641662 0.000526012316
5->599 0 2450457.750001000 -8.728948649 8.021286323 3.943414536 -0.000236007969 0.001104641688 0.000526012265
5->599 0 2450458.875000000 -107.163278199 0.021873542 -1.288899911 -0.000230358916 -0.001029892998 -0.000493535626
5->599 0 2450459.999999000 -124.313894091 -61.650459542 -30.700067532 -0.000446266777 -0.001176829708 -0.000565147375
5->599 0 2450460.000000000 -124.313932639 -61.650561197 -30.700116350 -0.000446265281 -0.001176832109 -0.000565148500
5->599 0 2450460.000001000 -124.313971187 -61.650662852 -30.700165168 -0.000446263801 -0.001176834504 -0.000565149622
5->599 0 2450461.125000000 -16.384649280 -167.835084584 -79.624904163 0.001776403776 0.000289825811 0.000162580313
5->599 0 2450462.249999000 58.756750066 -144.403032099 -67.894080782 0.001044831787 -0.000267710310 -0.000118364942
5->599 0 2450462.250000000 58.756840319 -144.403055224 -67.894091006 0.001044834179 -0.000267709602 -0.000118364563
5->599 0 2450462.250001000 58.756930571 -144.403078349 -67.894101230 0.001044836589 -0.000267708895 -0.000118364184
5->599 0 2450463.375000000 159.777962923 -69.878083874 -31.096552757 -0.000076236834 0.001104423502 0.000525923933
5->599 0 2450464.499999000 191.373936169 -6.088085129 -0.031528755 0.000701169728 0.001434467357 0.000696327463
5->599 0 2450464.500000000 191.373996736 -6.087961219 -0.031468606 0.000701167740 0.001434470030 0.000696328704
5->599 1 2450464.500000000 191.373996736 -6.087961219 -0.031468606 0.000701167740 0.001434470030 0.000696328704
5->599 1 2450464.500001000 191.374057303 -6.087837309 -0.031408457 0.000701165736 0.001434472704 0.000696329945
5->599 1 2450465.625000000 98.062033930 119.636220774 58.414087415 -0.001560457188 -0.000046535393 -0.000048185390
5->599 1 2450466.749999000 15.408894113 116.349230154 55.592157652 -0.001231729333 0.000051218817 0.000007606882
5->599 1 2450466.750000000 15.408787715 116.349234578 55.592158309 -0.001231730848 0.000051217023 0.000007606004
5->599 1 2450466.750001000 15.408681317 116.349239002 55.592158966 -0.001231732346 0.000051215228 0.000007605126
5->599 1 2450467.875000000 -32.473594552 26.273409605 12.045663652 0.001025918992 -0.000673535566 -0.000305710804
5->599 1 2450468.999999000 -9.981358646 45.552766701 21.220326677 -0.000496400087 -0.000285894086 -0.000150212044
5->599 1 2450469.000000000 -9.981401526 45.552742005 21.220313702 -0.000496398843 -0.000285896029 -0.000150212951
5->599 1 2450469.000001000 -9.981444405 45.552717309 21.220300726 -0.000496397619 -0.000285897976 -0.000150213861
5->599 1 2450470.125000000 23.933373690 41.296477922 19.378096285 0.000081629594 0.000842335571 0.000403642208
5->599 1 2450471.249999000 -12.607055111 53.456134743 24.946506141 0.000396975523 -0.000155350247 -0.000063064302
5->599 1 2450471.250000000 -12.607020820 53.456121324 24.946500694 0.000396977170 -0.000155348237 -0.000063063317
5->599 1 2450471.250001000 -12.606986529 53.456107905 24.946495246 0.000396978833 -0.000155346219 -0.000063062329
5->599 1 2450472.375000000 -53.178781736 122.502967885 57.580372160 -0.001840192217 0.000185052792 0.000061148896
5->599 1 2450473.499999000 -148.602617497 52.745659884 23.037447582 -0.000390676681 -0.000494426351 -0.000237813104
5->599 1 2450473.500000000 -148.602651244 52.745617175 23.037427040 -0.000390677909 -0.000494425609 -0.000237812766
5->599 1 2450473.500001000 -148.602684991 52.745574467 23.037406498 -0.000390679150 -0.000494424873 -0.000237812431
5->599 1 2450474.625000000 -201.713209745 -66.200988967 -34.090165249 0.000688000639 -0.001997965798 -0.000939082032
5->599 1 2450475.749999000 -77.556420861 -128.077863712 -61.733016502 0.000426867858 0.000052988367 0.000027135307
5->599 1 2450475.750000000 -77.556383988 -128.077859135 -61.733014159 0.000426866216 0.000052986890 0.000027134571
5->599 1 2450475.750001000 -77.556347115 -128.077854558 -61.733011815 0.000426864589 0.000052985423 0.000027133840
5->599 1 2450476.875000000 14.568852421 -166.436540449 -79.110771632 0.001687940800 0.000321522328 0.000176456043
5->599 1 2450477.999999000 78.153947448 -109.721933659 -51.059531166 0.000494090173 -0.000032776666 -0.000005672422
5->599 1 2450478.000000000 78.153990128 -109.721936490 -51.059531656 0.000494092424 -0.000032777099 -0.000005672592
5->599 1 2450478.000001000 78.154032808 -109.721939321 -51.059532146 0.000494094667 -0.000032777543 -0.000005672767
5->599 1 2450479.125000000 155.815764518 -19.765488404 -6.786144361 -0.000481486288 0.001733850971 0.000819208602
5->599 1 2450480.249999000 67.008190531 24.674049383 12.900452079 -0.000170078871 -0.000057748065 -0.000030613618
5->599 1 2450480.250000000 67.008175839 24.674044395 12.900449434 -0.000170077946 -0.000057746708 -0.000030612952
5->599 1 2450480.250001000 67.008161148 24.674039407 12.900446790 -0.000170077013 -0.000057745344 -0.000030612283
5->599 1 2450481.375000000 2.715321839 24.742746414 12.059280162 -0.000762409156 -0.000971743562 -0.000473655460
5->599 1 2450482.499999000 67.979722807 -26.305498337 -11.345569493 0.000697164872 0.000756959566 0.000367605698
5->599 1 2450482.500000000 67.979783028 -26.305432950 -11.345537739 0.000697161948 0.000756960678 0.000367606175
5->599 1 2450482.500001000 67.979843249 -26.305367563 -11.345505985 0.000697159014 0.000756961781 0.000367606648
5->599 1 2450483.625000000 72.683520389 -5.549398543 -2.018742214 0.000709288299 -0.000133331142 -0.000058858203
5->599 1 2450484.500000000 111.097079116 49.673188319 24.682677242 -0.000440848787 0.001036631338 0.000487681363
# 0->5 index 0: 2305456.500000 to 2524602.500000, records of 2764800 s, 26 words
0->5 0 2450444.500000000 354692985.737471521 -622483165.730610132 -275461684.038269520 11.410322500260 6.214743757815 2.385932608128
0->5 0 2450448.499999000 358630166.256297767 -620324488.403014779 -274632298.140213430 11.374221327791 6.277577388669 2.413745399955
0->5 0 2450448.500000000 358630167.238803029 -620324487.860757589 -274632297.931714058 11.374221318714 6.277577404353 2.413745406899
0->5 0 2450448.500001000 358630168.221308351 -620324487.318500400 -274632297.723214746 11.374221309637 6.277577420037 2.413745413843
0->5 0 2450464.499999000 374251910.856046915 -611473497.800235391 -271218953.318983078 11.225544890288 6.527216146829 2.524373756540
0->5 0 2450464.500000000 374251911.825709522 -611473497.236414433 -271218953.100927651 11.225544880785 6.527216162341 2.524373763420
0->5 0 2450464.500001000 374251912.795372128 -611473496.672593474 -271218952.882872224 11.225544871281 6.527216177853 2.524373770301
0->5 0 2450480.499999000 389663417.934058726 -602279348.368642926 -267653393.517336190 11.070065595076 6.774018158559 2.633951889639
0->5 0 2450480.500000000 389663418.890291095 -602279347.783503175 -267653393.289815396 11.070065585149 6.774018173888 2.633951896452
0->5 0 2450480.500001000 389663419.846523464 -602279347.198363543 -267653393.062294632 11.070065575223 6.774018189218 2.633951903264
0->5 0 2450484.500000000 393482346.249693871 -599927659.744025350 -266738393.511877656 11.030138168372 6.835256129666 2.661173926486
